1	 Gilmartin, S	NYM	P	2	1	1	1	1	0	0	1	0	0	0	0	1.000	1.000	2.000	3.000
1	 Iglesias, R	CIN	P	23	1	0	1	1	0	0	0	0	0	0	0	1.000	1.000	2.000	3.000
1	 Salas, F	NYM	P	29	1	0	1	0	0	0	0	0	0	0	0	1.000	1.000	1.000	2.000
1	 Torres, J	SD	P	23	1	1	1	0	0	0	0	0	0	0	0	1.000	1.000	1.000	2.000
5	 Boyd, M	DET	P	1	2	0	1	0	0	0	0	0	0	0	0	.500	.500	.500	1.000
5	 Buchanan, J	CIN	P	1	2	1	1	0	0	0	1	0	1	0	0	.500	.500	.500	1.000
5	 Gallardo, Y	SEA	P	1	2	0	1	0	0	0	0	0	0	0	0	.500	.500	.500	1.000
5	 Kluber, C	CLE	P	1	2	0	1	0	0	0	0	0	0	0	0	.500	.500	.500	1.000
5	 Lively, B	PHI	P	1	2	0	1	0	0	0	0	0	1	0	0	.500	.500	.500	1.000
5	 Lyles, J	COL	P	17	2	0	1	0	0	0	0	0	0	0	0	.500	.500	.500	1.000
5	 Meyer, A	LAA	P	1	2	0	1	0	0	0	0	0	1	0	0	.500	.500	.500	1.000
5	 Morgan, A	PHI	P	3	2	0	1	0	0	0	0	0	1	0	0	.500	.500	.500	1.000
5	 Pena, F	BAL	C	5	10	3	5	0	0	2	2	0	3	0	0	.500	.500	1.100	1.600
5	 Smith, T	SEA	2B	3	2	0	1	1	0	0	0	0	1	0	0	.500	.500	1.000	1.500
5	 Travis, S	BOS	1B	5	14	6	7	2	0	0	0	2	4	1	0	.500	.563	.643	1.205
5	 Winker, J	CIN	LF	2	2	0	1	1	0	0	2	0	1	0	0	.500	.500	1.000	1.500
17	 Centeno, J	HOU	C	2	7	3	3	0	0	2	2	1	1	0	0	.429	.500	1.286	1.786
18	 Ceciliani, D	TOR	LF	3	5	2	2	1	0	1	3	0	0	0	0	.400	.400	1.200	1.600
19	 Beltre, A	TEX	3B	6	23	2	9	3	0	1	5	3	3	0	0	.391	.444	.652	1.097
20	 Sogard, E	MIL	2B	20	49	12	19	5	0	2	9	14	5	2	1	.388	.531	.612	1.143
21	 Turner, J	LAD	3B	39	140	18	53	13	0	1	17	13	20	2	0	.379	.453	.493	.946
22	 Sierra, M	STL	CF	8	32	8	12	0	0	0	3	3	8	1	2	.375	.429	.375	.804
23	 Zimmerman, R	WSH	1B	53	195	39	73	18	0	16	48	16	43	1	0	.374	.421	.713	1.133
24	 Flowers, T	ATL	C	40	118	16	42	4	0	3	16	15	26	0	0	.356	.469	.466	.935
25	 Cozart, Z	CIN	SS	49	184	33	64	13	5	9	33	30	38	2	0	.348	.433	.620	1.053
25	 YoungJr, E	LAA	LF	7	23	6	8	2	0	1	2	2	3	2	1	.348	.444	.565	1.010
27	 Posey, B	SF	C	48	171	25	59	7	0	7	15	25	17	1	0	.345	.438	.509	.947
28	 Vazquez, C	BOS	C	30	96	8	33	9	1	0	11	3	19	2	0	.344	.373	.458	.831
29	 Haniger, M	SEA	RF	21	79	20	27	7	1	4	16	13	20	2	1	.342	.447	.608	1.054
30	 Freeman, F	ATL	1B	37	135	35	46	11	1	14	25	27	31	4	3	.341	.461	.748	1.209
31	 Segura, J	SEA	SS	43	182	29	62	10	0	4	20	12	31	7	6	.341	.391	.462	.852
32	 Murphy, D	WSH	2B	51	206	35	70	16	1	10	40	16	24	0	0	.340	.393	.573	.966
33	 Lind, A	WSH	1B	33	65	13	22	6	0	4	20	9	8	0	0	.338	.413	.615	1.029
33	 Rojas, M	MIA	3B	24	65	12	22	4	0	0	4	6	8	2	0	.338	.389	.400	.789
35	 Amarista, A	COL	LF	30	68	12	23	6	0	2	14	1	15	0	0	.338	.348	.515	.863
36	 Trout, M	LAA	CF	47	163	36	55	14	2	16	36	36	42	10	1	.337	.461	.742	1.203
37	 Dickerson, C	TB	DH	55	226	42	76	17	2	13	26	12	50	0	2	.336	.378	.602	.979
38	 Adams, L	ATL	CF	9	9	1	3	0	0	0	1	0	3	2	0	.333	.333	.333	.667
38	 Glasnow, T	PIT	P	14	15	1	5	0	0	0	3	4	5	0	0	.333	.474	.333	.807
38	 Jansen, K	LAD	P	22	3	0	1	0	0	0	0	0	0	0	0	.333	.333	.333	.667
38	 Jimenez, U	BAL	P	1	3	0	1	0	0	0	0	0	2	0	0	.333	.333	.333	.667
38	 Phillips, B	MIL	CF	1	3	0	1	0	0	0	0	0	2	0	0	.333	.333	.333	.667
38	 Pineda, M	NYY	P	2	3	0	1	0	0	0	0	0	2	0	0	.333	.333	.333	.667
38	 Stephenson, R	CIN	P	12	3	0	1	0	0	0	0	0	2	0	0	.333	.333	.333	.667
38	 Velasquez, V	PHI	P	11	18	1	6	0	0	0	1	0	1	0	0	.333	.333	.333	.667
38	 Worley, V	MIA	P	4	3	0	1	0	0	0	0	0	2	0	0	.333	.333	.333	.667
47	 Bogaerts, X	BOS	SS	52	203	35	67	13	4	2	21	17	34	8	0	.330	.386	.463	.849
47	 Garcia, A	CWS	RF	53	203	29	67	11	3	8	38	9	46	1	2	.330	.370	.532	.902
49	 Ozuna, M	MIA	LF	56	216	30	71	10	0	14	40	23	50	0	1	.329	.392	.569	.961
50	 Kemp, M	ATL	LF	45	192	26	63	16	0	10	30	10	42	0	1	.328	.361	.568	.929
51	 Blackmon, C	COL	CF	58	241	42	79	12	8	13	47	13	52	4	3	.328	.365	.606	.971
52	 Altuve, J	HOU	2B	57	221	39	72	15	2	8	28	21	37	11	2	.326	.393	.520	.913
53	 Judge, A	NYY	RF	52	185	44	60	8	2	18	41	32	64	5	2	.324	.429	.681	1.110
54	 Harper, B	WSH	RF	48	176	46	57	12	0	15	43	36	42	1	2	.324	.441	.648	1.089
55	 Gamel, B	SEA	RF	35	130	21	42	7	2	2	16	17	40	0	0	.323	.400	.454	.854
56	 Kendrick, H	PHI	LF	16	62	8	20	5	1	1	7	5	17	2	2	.323	.373	.484	.857
57	 Adrianza, E	MIN	SS	14	28	4	9	2	0	0	4	3	4	1	1	.321	.364	.393	.756
58	 Hicks, A	NYY	LF	44	137	30	44	11	0	8	31	28	28	7	3	.321	.432	.577	1.009
59	 Cordero, F	SD	CF	8	25	5	8	1	1	0	1	2	12	1	1	.320	.370	.440	.810
59	 DeGrom, J	NYM	P	12	25	2	8	1	0	0	2	0	7	0	0	.320	.320	.360	.680
61	 Adduci, J	DET	RF	13	44	8	14	4	2	0	7	5	11	1	0	.318	.388	.500	.888
62	 Taylor, C	LAD	2B	42	129	26	41	8	0	7	23	21	41	3	2	.318	.413	.543	.956
63	 Avila, A	DET	C	37	104	16	33	8	0	8	23	21	37	0	0	.317	.432	.625	1.057
64	 Castillo, W	BAL	C	29	120	15	38	6	0	4	17	4	29	0	0	.317	.339	.467	.805
65	 Castro, S	NYY	2B	54	219	38	69	11	0	9	31	12	42	0	0	.315	.352	.489	.841
66	 Gonzalez, M	HOU	1B	48	140	26	44	9	0	12	34	20	31	3	2	.314	.409	.636	1.044
67	 Flores, W	NYM	3B	39	115	15	36	6	0	5	16	4	17	1	0	.313	.336	.496	.832
68	 Hicks, J	DET	C	13	48	10	15	4	0	3	12	1	11	1	0	.313	.327	.583	.910
68	 Presley, A	DET	OF	6	16	6	5	1	0	1	4	2	2	2	0	.313	.389	.563	.951
70	 Gyorko, J	STL	3B	46	167	22	52	10	2	8	22	12	42	3	0	.311	.359	.539	.898
71	 Correa, C	HOU	SS	52	203	38	63	12	0	11	39	25	46	0	0	.310	.388	.532	.920
72	 Brantley, M	CLE	LF	47	181	22	56	10	0	5	24	18	31	7	1	.309	.375	.448	.823
73	 Hosmer, E	KC	1B	56	214	27	66	12	1	5	21	18	36	3	0	.308	.361	.444	.804
74	 Frazier, A	PIT	2B	37	133	20	41	5	1	3	20	14	18	2	4	.308	.380	.429	.809
75	 Parra, G	COL	LF	48	146	22	45	6	0	6	28	6	27	0	3	.308	.340	.473	.812
76	 Conforto, M	NYM	LF	51	172	38	53	11	1	14	36	28	49	1	0	.308	.410	.628	1.038
77	 Gregorius, D	NYY	SS	33	130	18	40	7	0	4	20	5	19	1	1	.308	.333	.454	.787
77	 Harrison, J	PIT	2B	55	208	24	64	10	1	7	18	12	36	5	3	.308	.371	.466	.837
77	 Hazelbaker, J	ARI	CF	21	26	4	8	1	1	1	5	3	8	0	0	.308	.379	.538	.918
80	 Goldschmidt, P	ARI	1B	59	209	48	64	14	1	13	45	41	45	12	3	.306	.429	.569	.999
81	 Montero, M	CHC	C	31	72	11	22	2	0	3	7	6	19	1	0	.306	.354	.458	.813
81	 Peralta, D	ARI	RF	50	180	29	55	11	1	4	12	12	30	4	1	.306	.354	.444	.798
83	 Andrus, E	TEX	SS	56	223	34	68	15	1	7	32	15	38	14	4	.305	.350	.475	.825
84	 LaStella, T	CHC	3B	16	23	3	7	2	0	1	2	8	2	0	0	.304	.484	.522	1.006
84	 Ray, R	ARI	P	11	23	2	7	1	0	0	0	0	8	0	0	.304	.304	.348	.652
86	 Inciarte, E	ATL	CF	55	237	37	72	10	1	6	24	20	36	10	4	.304	.357	.430	.787
87	 Sano, M	MIN	3B	50	178	36	54	8	2	14	43	32	78	0	0	.303	.410	.607	1.016
88	 DArnaud, C	SD	3B	23	33	10	10	2	0	0	2	3	12	3	0	.303	.361	.364	.725
89	 Wolters, T	COL	C	35	103	22	31	5	1	0	8	16	22	0	1	.301	.405	.369	.774
90	 Sanchez, Y	CWS	2B	43	143	20	43	7	3	2	15	12	31	3	5	.301	.353	.434	.786
91	 Chacin, J	SD	P	13	20	0	6	0	0	0	2	0	5	0	0	.300	.300	.300	.600
91	 Diaz, E	PIT	C	8	20	2	6	2	0	1	6	3	4	0	0	.300	.391	.550	.941
93	 Pollock, A	ARI	CF	37	154	26	46	12	3	2	11	9	29	11	2	.299	.337	.455	.792
94	 Cruz, N	SEA	DH	56	195	28	58	10	0	14	45	26	43	1	0	.297	.379	.564	.943
95	 Alonso, Y	OAK	1B	47	148	28	44	8	0	16	34	23	38	1	0	.297	.395	.676	1.071
96	 Eaton, A	WSH	CF	23	91	24	27	7	1	2	13	14	18	3	1	.297	.393	.462	.854
96	 Jay, J	CHC	CF	46	91	16	27	5	1	0	8	10	21	1	0	.297	.387	.374	.760
98	 Garcia, L	CWS	CF	49	162	24	48	8	1	6	21	7	28	5	2	.296	.343	.469	.812
99	 Merrifield, W	KC	2B	40	142	18	42	4	2	6	15	10	20	6	1	.296	.348	.479	.827
100	 Owings, C	ARI	SS	55	203	21	60	12	1	6	30	12	47	9	2	.296	.333	.453	.787
101	 Pham, T	STL	CF	26	88	18	26	5	0	5	15	13	28	4	2	.295	.390	.523	.913
102	 Nava, D	PHI	LF	32	61	11	18	3	0	2	8	12	10	1	0	.295	.421	.443	.864
103	 Reynolds, M	COL	1B	55	200	33	59	6	0	14	46	22	55	1	1	.295	.366	.535	.901
104	 Altherr, A	PHI	RF	48	156	27	46	12	0	9	31	17	44	3	3	.295	.382	.545	.927
105	 Phillips, B	ATL	2B	48	173	22	51	10	0	3	17	10	25	7	3	.295	.348	.405	.752
106	 Bour, J	MIA	1B	55	190	27	56	8	0	16	40	22	49	1	0	.295	.369	.589	.959
107	 Machado, D	DET	SS	24	51	4	15	1	1	0	4	3	6	0	0	.294	.333	.353	.686
107	 Mancini, T	BAL	DH	41	136	13	40	8	0	7	25	9	39	1	0	.294	.338	.507	.845
109	 Lowrie, J	OAK	2B	54	205	34	60	18	0	7	20	20	34	0	0	.293	.360	.483	.843
110	 Pedroia, D	BOS	2B	45	171	17	50	9	0	2	21	21	17	1	2	.292	.369	.380	.749
111	 Shaw, T	MIL	3B	51	202	26	59	16	1	10	40	14	48	5	0	.292	.339	.530	.869
112	 Martinez, J	DET	RF	22	72	17	21	4	1	10	22	15	18	0	0	.292	.409	.792	1.201
113	 Ramirez, J	CLE	3B	54	199	29	58	12	2	7	26	20	30	6	3	.291	.353	.477	.830
114	 DeJong, P	STL	3B	9	31	2	9	2	0	1	4	0	9	0	0	.290	.290	.452	.742
115	 Prado, M	MIA	3B	17	69	8	20	2	0	2	6	3	11	0	0	.290	.315	.406	.721
116	 Realmuto, J	MIA	C	48	176	23	51	7	2	4	20	18	31	2	1	.290	.362	.420	.783
117	 Nunez, E	SF	3B	54	211	27	61	13	0	4	22	9	21	13	2	.289	.315	.408	.723
117	 Stanton, G	MIA	RF	55	211	33	61	14	0	15	39	24	55	0	0	.289	.360	.569	.929
119	 Arenado, N	COL	3B	58	225	40	65	19	1	14	39	21	40	1	0	.289	.352	.569	.921
120	 Carrera, E	TOR	LF	49	149	16	43	2	1	4	13	13	32	3	1	.289	.346	.396	.742
121	 Hernandez, C	PHI	2B	54	222	39	64	9	2	5	14	20	47	6	3	.288	.350	.414	.764
121	 Pina, M	MIL	C	33	111	16	32	9	0	2	14	6	19	0	0	.288	.336	.423	.760
123	 Rendon, A	WSH	3B	52	191	27	55	12	1	10	35	29	32	3	2	.288	.382	.518	.900
124	 Cordoba, A	SD	LF	44	108	11	31	2	2	3	9	5	24	1	1	.287	.322	.426	.748
125	 Mauer, J	MIN	1B	47	178	25	51	11	0	4	23	19	25	0	0	.287	.359	.416	.774
126	 Suarez, E	CIN	3B	55	199	34	57	12	1	10	33	23	49	3	2	.286	.364	.508	.872
127	 Bonifacio, J	KC	RF	38	126	20	36	5	0	8	17	11	35	0	0	.286	.341	.516	.856
127	 Bumgarner, M	SF	P	3	7	2	2	0	0	2	2	1	1	0	0	.286	.375	1.143	1.518
127	 Stroman, M	TOR	P	3	7	2	2	1	0	1	1	0	4	0	0	.286	.286	.857	1.143
130	 LeMahieu, D	COL	2B	59	228	29	65	11	1	2	23	22	35	3	3	.285	.356	.368	.724
131	 Torreyes, R	NYY	SS	35	102	10	29	3	1	1	14	2	14	0	0	.284	.298	.363	.661
132	 Drury, B	ARI	2B	51	183	18	52	14	1	4	20	9	44	1	1	.284	.323	.437	.760
133	 Schoop, J	BAL	2B	53	194	26	55	17	0	8	28	11	40	0	0	.284	.333	.495	.828
134	 Smoak, J	TOR	1B	57	184	32	52	7	1	14	39	19	37	0	0	.283	.346	.560	.906
134	 Valencia, D	SEA	1B	51	184	22	52	9	2	5	26	18	42	1	1	.283	.343	.435	.778
136	 Markakis, N	ATL	RF	55	209	27	59	12	1	1	25	23	46	0	1	.282	.363	.364	.727
137	 Cano, R	SEA	2B	47	188	29	53	10	0	10	34	18	24	0	0	.282	.341	.495	.836
138	 Escobar, Y	LAA	3B	42	174	22	49	8	0	5	17	12	23	1	2	.282	.328	.414	.742
139	 Ellsbury, J	NYY	CF	39	135	19	38	7	0	4	14	13	25	8	2	.281	.349	.422	.771
140	 Votto, J	CIN	1B	56	199	40	56	14	0	14	44	43	32	2	1	.281	.411	.563	.974
141	 Gordon, D	MIA	2B	55	221	30	62	8	3	0	11	11	34	18	2	.281	.333	.344	.677
142	 Heredia, G	SEA	LF	44	157	19	44	3	0	4	10	11	21	1	2	.280	.339	.376	.715
143	 Lamb, J	ARI	3B	55	211	36	59	11	3	14	46	29	66	3	2	.280	.368	.559	.927
144	 Abreu, J	CWS	1B	54	215	32	60	11	1	10	30	15	40	0	0	.279	.335	.479	.814
145	 Donaldson, J	TOR	3B	18	61	10	17	4	0	6	10	8	18	0	0	.279	.362	.639	1.002
145	 Martinez, J	STL	1B	25	61	8	17	4	0	1	6	3	15	1	0	.279	.313	.393	.706
147	 Wieters, M	WSH	C	44	158	18	44	9	0	5	20	15	35	1	0	.278	.345	.430	.775
148	 Healy, R	OAK	DH	55	212	23	59	14	0	11	28	9	56	0	1	.278	.308	.500	.808
149	 Wong, K	STL	2B	41	133	18	37	11	2	1	16	18	20	3	1	.278	.378	.414	.792
150	 Adams, M	ATL	1B	45	108	13	30	6	1	6	19	6	33	0	0	.278	.313	.519	.832
150	 Springer, G	HOU	RF	53	216	43	60	8	0	16	38	20	56	0	3	.278	.347	.537	.884
152	 Rivera, R	NYM	C	30	101	8	28	4	0	2	15	4	30	0	1	.277	.308	.376	.685
153	 Hechavarria, A	MIA	SS	20	65	8	18	2	1	1	6	1	9	0	0	.277	.288	.385	.672
154	 Zimmer, B	CLE	CF	17	47	7	13	4	0	3	11	6	16	3	1	.277	.358	.553	.912
155	 Barnhart, T	CIN	C	39	123	10	34	10	0	1	6	9	24	1	0	.276	.326	.382	.708
156	 Mazara, N	TEX	RF	53	199	24	55	13	1	6	35	19	41	2	0	.276	.344	.442	.786
157	 AlmoraJr, A	CHC	CF	45	105	17	29	5	0	3	12	8	17	0	0	.276	.327	.410	.737
158	 Hernandez, M	BOS	2B	21	58	7	16	3	0	0	2	1	15	0	1	.276	.300	.328	.628
159	 Gattis, E	HOU	C	37	127	19	35	8	0	4	24	11	20	0	0	.276	.343	.433	.776
160	 Cabrera, M	DET	1B	43	157	17	43	10	0	5	26	25	37	0	1	.274	.378	.433	.811
161	 Riddle, J	MIA	SS	33	95	10	26	8	0	3	17	3	23	0	1	.274	.284	.453	.737
162	 Grandal, Y	LAD	C	50	172	19	47	14	0	6	24	16	45	0	0	.273	.333	.459	.793
163	 Wainwright, A	STL	P	11	22	4	6	1	0	2	7	0	5	0	0	.273	.273	.591	.864
164	 Duvall, A	CIN	LF	55	213	31	58	11	1	14	45	15	56	4	2	.272	.322	.531	.852
165	 Perez, H	MIL	SS	51	180	22	49	11	3	6	25	9	33	2	1	.272	.304	.467	.770
166	 Holliday, M	NYY	DH	51	177	25	48	9	0	12	37	24	58	1	0	.271	.361	.525	.886
167	 Aguilar, J	MIL	1B	54	107	15	29	8	2	5	18	9	39	0	0	.271	.339	.523	.862
168	 Seager, C	LAD	SS	56	203	39	55	13	0	7	24	36	49	2	0	.271	.382	.438	.820
169	 Toles, A	LAD	LF	31	96	17	26	3	0	5	15	5	16	0	1	.271	.314	.458	.772
170	 Narvaez, O	CWS	C	30	85	9	23	2	0	0	4	15	14	0	0	.271	.380	.294	.674
171	 DeShields, D	TEX	LF	44	122	23	33	5	0	1	8	12	40	8	3	.270	.336	.336	.672
172	 Gennett, S	CIN	2B	46	111	14	30	7	2	3	20	5	30	0	0	.270	.308	.450	.758
172	 Goodwin, B	WSH	RF	16	37	3	10	3	1	1	6	1	9	1	0	.270	.282	.486	.769
172	 Pillar, K	TOR	CF	56	222	33	60	13	1	7	13	16	31	9	4	.270	.326	.432	.759
175	 Ahmed, N	ARI	SS	42	126	18	34	6	1	5	17	7	31	3	2	.270	.308	.452	.761
175	 Barnes, A	LAD	C	28	63	14	17	7	1	2	8	11	13	2	0	.270	.378	.508	.886
175	 Cespedes, Y	NYM	LF	18	63	12	17	4	0	6	10	11	14	0	1	.270	.373	.619	.992
178	 Maldonado, M	LAA	C	49	152	16	41	7	0	4	15	8	40	0	0	.270	.339	.395	.734
179	 Taylor, M	WSH	CF	44	141	20	38	7	2	6	17	9	49	3	1	.270	.311	.475	.786
180	 Gardner, B	NYY	LF	50	193	39	52	10	1	12	26	25	46	5	1	.269	.355	.518	.873
181	 Santana, D	MIL	RF	54	182	33	49	9	0	10	31	26	57	5	2	.269	.362	.484	.845
182	 Duda, L	NYM	1B	35	119	15	32	9	0	10	21	20	31	0	0	.269	.379	.597	.975
183	 Kepler, M	MIN	RF	51	186	29	50	13	1	7	25	21	40	3	1	.269	.348	.462	.810
184	 Benintendi, A	BOS	CF	53	201	30	54	8	0	7	30	22	33	8	1	.269	.342	.413	.755
185	 Smith, S	BAL	RF	39	123	21	33	6	0	5	11	12	31	1	0	.268	.341	.439	.780
186	 Gurriel, Y	HOU	1B	49	179	24	48	11	0	6	25	6	23	0	1	.268	.307	.430	.737
187	 Jackson, A	CLE	CF	21	56	7	15	7	0	2	7	7	15	0	0	.268	.333	.500	.833
188	 Lindor, F	CLE	SS	54	213	37	57	15	1	12	26	21	36	3	1	.268	.333	.516	.850
189	 Bryant, K	CHC	3B	53	202	36	54	13	1	13	26	35	50	4	3	.267	.384	.535	.919
189	 Cain, L	KC	CF	54	202	22	54	11	1	3	14	24	40	12	0	.267	.349	.376	.726
191	 Thames, E	MIL	1B	52	176	43	47	10	1	15	29	37	54	2	1	.267	.406	.591	.996
192	 Simmons, A	LAA	SS	59	221	22	59	10	0	6	23	20	24	6	2	.267	.328	.394	.722
192	 Trumbo, M	BAL	DH	55	221	35	59	9	0	8	28	17	45	1	0	.267	.319	.416	.736
194	 Gonzalez, E	CLE	SS	8	15	2	4	0	0	0	0	0	6	0	0	.267	.267	.267	.533
194	 Grossman, R	MIN	DH	43	135	27	36	6	0	6	19	30	27	1	0	.267	.407	.444	.852
194	 Tomlinson, K	SF	2B	21	30	2	8	0	0	0	1	1	7	2	0	.267	.290	.267	.557
197	 Desmond, I	COL	1B	32	128	18	34	4	1	3	15	4	36	2	2	.266	.296	.383	.679
197	 SouzaJr, S	TB	RF	53	192	27	51	10	1	10	33	32	66	1	1	.266	.374	.484	.859
199	 Morales, K	TOR	DH	54	200	29	53	11	0	11	31	16	39	0	0	.265	.321	.485	.806
200	 Baez, J	CHC	2B	48	151	22	40	6	1	9	25	6	40	2	2	.265	.294	.497	.790
201	 Beckham, T	TB	SS	54	208	21	55	3	2	9	27	11	75	3	1	.264	.303	.428	.731
201	 Yelich, C	MIA	CF	54	208	37	55	7	0	7	25	23	40	5	0	.264	.342	.399	.741
203	 Mercer, J	PIT	SS	55	193	23	51	8	1	5	18	26	31	0	4	.264	.352	.394	.745
204	 Crawford, B	SF	SS	44	159	21	42	11	1	4	24	11	32	1	1	.264	.305	.421	.726
204	 Young, C	BOS	LF	37	106	16	28	7	0	2	12	14	21	1	2	.264	.347	.387	.734
206	 Betts, M	BOS	RF	53	216	35	57	17	0	9	33	25	23	9	1	.264	.343	.468	.811
206	 Polanco, G	PIT	LF	41	144	19	38	11	0	3	13	15	22	7	1	.264	.338	.403	.740
208	 Martinez, V	DET	DH	51	182	17	48	8	0	5	28	21	27	0	0	.264	.346	.390	.736
208	 Reddick, J	HOU	RF	52	182	32	48	9	2	6	22	19	27	2	2	.264	.327	.434	.761
210	 Moreland, M	BOS	1B	54	186	28	49	16	0	6	28	27	48	0	1	.263	.361	.446	.807
211	 Walker, N	NYM	2B	53	205	31	54	13	2	7	31	21	35	0	1	.263	.332	.449	.781
212	 Gonzalez, A	LAD	1B	45	152	8	40	11	0	1	21	12	28	0	0	.263	.313	.355	.669
212	 Peterson, S	TB	LF	14	38	5	10	2	0	1	6	2	12	0	0	.263	.317	.395	.712
214	 Braun, R	MIL	LF	30	103	19	27	6	0	7	19	14	25	4	1	.262	.350	.524	.875
215	 Rickard, J	BAL	LF	34	84	9	22	4	0	1	5	4	22	4	1	.262	.295	.345	.641
215	 Werth, J	WSH	LF	47	168	28	44	5	1	8	18	27	43	4	3	.262	.367	.446	.814
217	 Knapp, A	PHI	C	22	65	8	17	5	0	3	8	10	21	0	0	.262	.360	.477	.837
217	 Turner, T	WSH	SS	45	195	33	51	10	3	5	26	7	42	16	3	.262	.289	.421	.710
219	 Anderson, T	CWS	SS	48	199	26	52	7	1	6	17	5	51	3	0	.261	.283	.397	.680
219	 Moustakas, M	KC	3B	50	199	27	52	9	0	14	29	11	35	0	0	.261	.303	.518	.821
221	 Chisenhall, L	CLE	CF	33	92	15	24	6	1	6	22	10	20	1	0	.261	.333	.543	.877
221	 Smith, M	TB	LF	9	23	2	6	1	0	0	0	3	3	3	0	.261	.346	.304	.651
221	 Span, D	SF	CF	35	138	17	36	9	1	3	11	9	17	0	2	.261	.311	.406	.717
224	 Rivera, T	NYM	1B	37	96	14	25	7	1	1	10	6	16	1	0	.260	.321	.385	.706
225	 Garcia, G	STL	3B	42	73	4	19	4	0	1	3	11	19	2	0	.260	.365	.356	.721
226	 Myers, W	SD	1B	57	223	30	58	12	2	12	31	16	70	6	3	.260	.310	.493	.803
227	 Margot, M	SD	CF	47	185	16	48	6	3	4	13	13	39	5	5	.259	.305	.389	.694
227	 Travis, D	TOR	2B	50	185	22	48	18	0	5	24	7	38	4	2	.259	.291	.438	.729
229	 Sanchez, G	NYY	C	29	108	17	28	2	0	6	15	12	29	1	1	.259	.350	.444	.794
230	 Davidson, M	CWS	3B	43	139	19	36	4	1	10	25	9	56	0	1	.259	.302	.518	.820
231	 Cabrera, M	CWS	LF	52	205	28	53	7	0	6	31	15	27	0	0	.259	.308	.380	.689
232	 Vargas, K	MIN	DH	24	89	9	23	5	0	5	19	3	22	0	0	.258	.280	.483	.763
233	 Aoki, N	HOU	LF	40	120	11	31	4	0	1	9	10	18	3	1	.258	.308	.317	.625
234	 Cervelli, F	PIT	C	46	151	19	39	11	1	3	20	20	32	0	2	.258	.351	.404	.755
235	 Freese, D	PIT	3B	39	124	14	32	4	0	5	20	18	27	0	0	.258	.361	.411	.772
235	 Graterol, J	LAA	C	14	31	3	8	1	0	0	3	0	3	0	0	.258	.258	.290	.548
235	 Upton, J	DET	LF	53	186	35	48	12	0	11	30	26	62	5	2	.258	.355	.500	.855
238	 Lucroy, J	TEX	C	42	159	10	41	10	0	3	13	8	13	0	0	.258	.300	.377	.677
239	 Kim, H	BAL	LF	27	66	6	17	3	0	1	4	7	13	0	0	.258	.338	.348	.686
240	 Diaz, A	STL	SS	52	210	20	54	14	0	5	15	11	32	4	1	.257	.293	.395	.688
240	 Rosario, E	MIN	LF	51	175	22	45	8	2	5	15	9	37	1	3	.257	.292	.411	.703
242	 Molina, Y	STL	C	49	188	20	48	9	0	6	23	11	28	5	2	.255	.296	.399	.695
243	 Seager, K	SEA	3B	55	204	21	52	10	1	5	28	24	41	0	0	.255	.332	.387	.719
244	 Blanco, G	ARI	OF	23	59	9	15	2	0	1	4	7	12	3	0	.254	.333	.339	.672
245	 Bregman, A	HOU	3B	55	193	22	49	10	1	6	20	16	42	4	2	.254	.318	.409	.727
246	 Perez, S	KC	C	53	197	20	50	8	0	11	31	8	38	0	0	.254	.289	.462	.751
247	 Contreras, W	CHC	C	49	150	17	38	10	0	5	24	14	44	0	1	.253	.325	.420	.745
247	 Garcia, A	ATL	3B	37	150	17	38	4	0	4	16	6	19	4	0	.253	.289	.360	.649
249	 Heyward, J	CHC	RF	43	154	18	39	3	2	5	23	13	25	1	2	.253	.314	.396	.710
250	 Ramirez, H	BOS	DH	47	166	24	42	6	0	7	23	23	38	1	3	.253	.354	.416	.770
251	 Rasmus, C	TB	LF	26	87	13	22	4	1	7	19	6	34	0	0	.253	.301	.563	.864
252	 Joseph, C	BAL	C	29	95	7	24	7	1	2	10	1	23	0	0	.253	.268	.411	.679
253	 Jones, A	BAL	CF	50	210	26	53	6	0	10	27	12	44	1	1	.252	.296	.424	.720
253	 Peraza, J	CIN	2B	53	210	27	53	6	3	2	17	5	30	14	2	.252	.286	.338	.624
255	 Hamilton, B	CIN	CF	52	222	38	56	5	4	1	17	17	50	28	5	.252	.304	.324	.628
255	 Kiermaier, K	TB	CF	59	222	30	56	9	2	7	19	23	63	9	4	.252	.328	.405	.733
257	 Bellinger, C	LAD	LF	38	143	27	36	6	1	12	31	16	52	4	0	.252	.325	.559	.884
258	 Polanco, J	MIN	SS	46	179	20	45	11	1	2	20	14	23	2	1	.251	.299	.358	.657
259	 Alcantara, A	CIN	2B	35	56	10	14	2	1	1	6	1	21	1	0	.250	.263	.375	.638
259	 Bandy, J	MIL	C	33	112	13	28	6	0	6	18	10	27	1	0	.250	.323	.464	.787
259	 Beltran, C	HOU	DH	50	192	27	48	12	0	7	22	12	47	0	0	.250	.300	.422	.721
259	 Bonilla, L	CIN	P	4	4	0	1	0	0	0	0	1	1	0	0	.250	.500	.250	.750
259	 Cahill, T	SD	P	6	8	1	2	1	0	0	1	1	2	0	0	.250	.333	.375	.708
259	 Camargo, J	ATL	2B	11	20	4	5	2	1	0	4	1	6	0	0	.250	.286	.450	.736
259	 Gutierrez, F	LAD	LF	23	36	6	9	3	0	1	4	5	10	0	1	.250	.341	.417	.758
259	 Iglesias, J	DET	SS	45	164	26	41	13	1	2	17	7	27	4	1	.250	.281	.378	.659
259	 Marisnick, J	HOU	CF	42	76	17	19	2	0	6	10	7	30	5	1	.250	.337	.513	.850
259	 McCann, B	HOU	C	36	128	17	32	4	0	7	27	21	20	1	0	.250	.358	.445	.803
259	 Miley, W	BAL	P	2	4	0	1	0	0	0	0	0	1	0	0	.250	.250	.250	.500
259	 Peralta, W	MIL	P	12	12	0	3	0	0	0	1	1	3	0	0	.250	.308	.250	.558
259	 Rusin, C	COL	P	16	4	0	1	0	0	0	0	0	1	0	0	.250	.250	.250	.500
259	 Ryu, H	LAD	P	9	12	1	3	1	0	0	0	2	5	0	0	.250	.400	.333	.733
259	 Segedin, R	LAD	1B	2	4	1	1	0	0	0	0	0	2	0	0	.250	.250	.250	.500
259	 SmithJr, D	TOR	LF	3	4	0	1	1	0	0	0	1	2	0	0	.250	.400	.500	.900
259	 Solarte, Y	SD	2B	57	204	19	51	9	0	4	27	21	26	2	0	.250	.329	.353	.682
259	 Syndergaard, N	NYM	P	5	8	0	2	0	0	0	0	3	4	0	0	.250	.455	.250	.705
259	 Tomlin, J	CLE	P	2	4	0	1	0	0	0	0	0	2	0	0	.250	.250	.250	.500
259	 Volquez, E	MIA	P	9	16	0	4	0	0	0	0	0	6	0	0	.250	.250	.250	.500
279	 Joseph, T	PHI	1B	51	173	23	43	9	0	10	28	13	46	1	0	.249	.305	.474	.779
280	 Romine, A	DET	1B	44	137	23	34	7	2	2	13	14	27	3	3	.248	.327	.372	.699
281	 Longoria, E	TB	3B	57	226	29	56	14	0	8	29	25	46	1	0	.248	.318	.416	.734
282	 Bruce, J	NYM	RF	52	206	30	51	12	0	13	36	23	47	0	1	.248	.323	.495	.818
282	 Pujols, A	LAA	DH	52	206	18	51	6	0	9	42	15	38	1	0	.248	.297	.408	.705
284	 Panik, J	SF	2B	55	198	21	49	12	2	2	16	18	27	2	0	.247	.315	.359	.674
285	 Suzuki, K	ATL	C	27	77	8	19	5	0	3	16	10	13	0	0	.247	.375	.429	.804
286	 Gomez, C	TEX	CF	38	142	19	35	11	1	4	13	16	44	5	2	.246	.331	.423	.754
287	 Rutledge, J	BOS	3B	23	65	8	16	1	0	0	7	5	14	0	0	.246	.310	.262	.571
288	 Arcia, O	MIL	SS	53	183	22	45	7	1	4	17	10	37	1	3	.246	.289	.361	.649
289	 Choo, S	TEX	DH	49	176	29	43	4	1	7	26	28	44	4	2	.244	.354	.398	.752
290	 Pinder, C	OAK	2B	30	78	13	19	6	0	7	15	7	25	1	0	.244	.314	.590	.904
291	 Piscotty, S	STL	RF	36	115	12	28	6	0	3	15	23	24	2	5	.243	.380	.374	.754
291	 Spangenberg, C	SD	3B	33	115	9	28	4	0	1	8	4	31	3	0	.243	.267	.304	.571
293	 Cabrera, A	NYM	SS	43	152	25	37	8	0	3	17	14	24	3	1	.243	.320	.355	.675
294	 Hanigan, R	COL	C	11	37	3	9	0	0	1	6	1	9	0	0	.243	.263	.324	.587
294	 Martin, R	TOR	C	34	111	19	27	3	0	5	11	22	37	0	1	.243	.387	.405	.792
294	 Morrison, L	TB	1B	55	185	30	45	9	0	16	37	30	51	0	0	.243	.347	.551	.898
297	 Herrera, O	PHI	CF	53	206	21	50	18	0	5	22	11	52	4	3	.243	.283	.403	.686
298	 Maybin, C	LAA	LF	44	157	29	38	9	1	3	12	30	33	13	1	.242	.367	.369	.736
299	 Tomas, Y	ARI	LF	47	166	19	40	11	1	8	32	13	50	0	0	.241	.294	.464	.758
299	 Tulowitzki, T	TOR	SS	25	83	7	20	5	0	2	14	7	9	0	0	.241	.304	.373	.678
301	 Puig, Y	LAD	RF	54	191	25	46	6	0	9	31	21	42	8	2	.241	.312	.414	.725
302	 Marte, S	PIT	CF	13	54	7	13	1	0	2	7	3	17	2	2	.241	.288	.370	.659
303	 Schebler, S	CIN	RF	52	187	24	45	8	0	16	30	14	42	3	1	.241	.309	.540	.849
304	 Broxton, K	MIL	CF	53	179	30	43	10	3	6	16	14	77	10	5	.240	.310	.430	.740
305	 Pennington, C	LAA	SS	34	75	8	18	0	0	0	7	9	20	2	1	.240	.318	.240	.558
306	 Pence, H	SF	RF	39	142	14	34	2	1	3	17	9	32	0	0	.239	.284	.331	.615
307	 Hernandez, E	LAD	CF	51	117	24	28	15	1	4	18	13	25	3	0	.239	.311	.487	.798
308	 Belt, B	SF	1B	57	209	30	50	11	1	10	26	37	58	2	1	.239	.356	.445	.801
309	 Butera, D	KC	C	21	46	6	11	1	0	2	5	1	10	0	0	.239	.255	.391	.647
310	 Kinsler, I	DET	2B	41	159	30	38	6	1	4	11	20	24	1	2	.239	.331	.365	.696
311	 Chirinos, R	TEX	C	22	67	13	16	1	0	5	15	7	17	0	0	.239	.329	.478	.807
312	 Bautista, J	TOR	RF	58	206	37	49	9	0	10	28	32	60	3	0	.238	.347	.427	.774
313	 Galvis, F	PHI	SS	55	194	21	46	11	3	6	28	14	37	3	1	.237	.291	.418	.709
314	 Robertson, D	CLE	LF	15	38	5	9	2	1	0	4	4	1	0	1	.237	.310	.342	.652
315	 Dozier, B	MIN	2B	49	203	25	48	10	0	8	22	27	47	8	5	.236	.330	.404	.734
316	 Utley, C	LAD	2B	48	123	16	29	4	3	3	15	16	20	3	1	.236	.336	.390	.726
317	 Freeland, K	COL	P	9	17	2	4	1	0	1	1	1	8	0	0	.235	.278	.471	.748
317	 Gomes, Y	CLE	C	39	119	14	28	9	0	4	13	12	31	0	0	.235	.321	.412	.733
317	 Happ, I	CHC	2B	20	68	10	16	5	1	4	9	8	27	0	0	.235	.325	.515	.839
317	 Naquin, T	CLE	CF	6	17	3	4	1	0	0	0	1	5	0	0	.235	.278	.294	.572
321	 Mesoraco, D	CIN	C	24	64	10	15	3	0	3	4	11	13	1	0	.234	.355	.422	.777
321	 Sucre, J	TB	C	22	64	6	15	2	0	2	14	3	13	1	0	.234	.265	.359	.624
323	 Barney, D	TOR	3B	44	111	9	26	4	0	1	7	4	23	2	0	.234	.261	.297	.558
324	 Rosales, A	OAK	SS	46	141	10	33	6	0	3	13	7	46	1	1	.234	.276	.340	.617
325	 Sandoval, P	BOS	3B	22	77	9	18	2	0	4	12	6	16	0	1	.234	.286	.416	.701
326	 Gonzalez, C	COL	RF	53	197	28	46	12	0	4	17	23	44	1	0	.234	.308	.355	.663
327	 Flaherty, R	BAL	SS	13	30	4	7	1	0	0	3	3	7	0	0	.233	.324	.267	.590
328	 Zobrist, B	CHC	2B	48	163	19	38	7	2	6	18	25	29	0	0	.233	.339	.411	.750
329	 BradleyJr, J	BOS	CF	39	133	17	31	4	1	7	24	19	32	2	1	.233	.331	.436	.767
330	 Cron, C	LAA	1B	25	86	7	20	3	0	1	8	4	19	0	0	.233	.280	.302	.582
330	 DArnaud, T	NYM	C	30	86	11	20	3	1	5	18	8	16	0	0	.233	.305	.465	.770
332	 Davis, C	BAL	1B	54	194	29	45	7	1	12	24	27	87	0	0	.232	.326	.464	.790
333	 Rizzo, A	CHC	1B	55	207	31	48	9	0	12	30	32	28	5	0	.232	.367	.449	.816
334	 Kipnis, J	CLE	2B	39	151	19	35	7	0	7	22	11	31	2	1	.232	.280	.417	.698
335	 McCutchen, A	PIT	RF	55	203	29	47	9	1	9	28	24	43	5	1	.232	.313	.419	.732
336	 Dyson, J	SEA	LF	54	169	29	39	7	1	2	17	17	27	14	3	.231	.327	.320	.646
336	 Encarnacion, E	CLE	DH	54	195	24	45	4	0	10	22	31	61	1	0	.231	.343	.405	.749
336	 Hundley, N	SF	C	34	91	9	21	10	0	1	8	3	27	0	0	.231	.250	.374	.624
336	 Jaso, J	PIT	1B	50	117	12	27	9	0	3	12	15	28	1	0	.231	.318	.385	.703
340	 Osuna, J	PIT	RF	40	87	14	20	5	2	3	13	6	14	0	0	.230	.295	.437	.732
340	 Romine, A	NYY	C	27	87	7	20	3	0	2	10	4	20	0	0	.230	.258	.333	.591
342	 Rupp, C	PHI	C	36	122	13	28	8	0	4	13	16	45	0	0	.230	.321	.393	.715
342	 Smith, K	CWS	C	18	61	7	14	6	0	0	5	0	10	0	0	.230	.254	.328	.582
342	 Valaika, P	COL	3B	34	61	11	14	5	0	4	10	3	19	0	0	.230	.266	.508	.774
345	 Escobar, E	MIN	3B	34	105	12	24	4	0	4	16	7	22	1	0	.229	.281	.381	.662
346	 Headley, C	NYY	3B	50	184	22	42	11	1	3	23	18	51	6	0	.228	.300	.348	.648
347	 Garcia, W	CWS	RF	18	44	6	10	1	1	1	6	4	15	0	0	.227	.280	.364	.644
348	 Renfroe, H	SD	RF	57	207	23	47	12	0	11	27	17	60	2	0	.227	.286	.444	.730
349	 Calhoun, K	LAA	RF	57	216	25	49	7	0	8	21	24	51	2	0	.227	.311	.370	.682
349	 Santana, C	CLE	1B	55	216	32	49	16	1	7	34	30	37	2	0	.227	.324	.407	.731
351	 Davis, K	OAK	LF	54	199	34	45	6	0	17	34	24	72	1	0	.226	.310	.513	.822
352	 Stewart, C	PIT	C	16	40	3	9	1	2	0	2	3	7	0	0	.225	.295	.350	.645
353	 Descalso, D	ARI	2B	47	89	14	20	5	0	4	15	13	26	1	0	.225	.337	.416	.752
354	 Fowler, D	STL	CF	51	187	31	42	6	4	8	20	26	47	3	0	.225	.319	.428	.747
355	 Ruiz, R	ATL	3B	17	49	8	11	2	0	1	5	4	15	0	0	.224	.296	.327	.623
356	 Leon, S	BOS	C	32	107	12	24	4	0	4	15	7	22	0	0	.224	.272	.374	.646
357	 Vogt, S	OAK	C	42	134	10	30	6	1	3	13	9	28	0	1	.224	.271	.351	.622
358	 WeeksJr, R	TB	1B	36	94	13	21	6	0	2	8	12	46	1	0	.223	.330	.351	.681
359	 Kivlehan, P	CIN	RF	39	54	6	12	1	0	3	6	6	16	0	1	.222	.311	.407	.719
359	 Ngoepe, G	PIT	SS	28	54	10	12	2	1	0	6	8	26	0	0	.222	.323	.296	.619
359	 Ohlman, M	TOR	C	5	9	0	2	0	0	0	1	0	3	0	0	.222	.222	.222	.444
362	 Grichuk, R	STL	LF	46	167	19	37	14	0	4	19	12	54	5	1	.222	.276	.377	.653
363	 Bell, J	PIT	1B	57	190	27	42	10	0	11	25	21	46	1	1	.221	.300	.447	.748
364	 Almonte, A	CLE	RF	33	86	13	19	3	2	1	6	12	28	1	1	.221	.323	.337	.660
364	 Iannetta, C	ARI	C	28	86	11	19	3	0	7	13	7	26	0	0	.221	.295	.500	.795
366	 Revere, B	LAA	LF	41	118	14	26	5	2	1	6	2	14	3	1	.220	.233	.322	.555
367	 Goins, R	TOR	SS	46	123	12	27	5	0	4	20	12	24	1	0	.220	.287	.358	.644
368	 Castellanos, N	DET	3B	54	210	28	46	12	3	5	27	22	60	2	1	.219	.304	.376	.680
369	 Castro, J	MIN	C	37	128	14	28	8	0	5	17	19	40	0	0	.219	.324	.398	.723
369	 Lagares, J	NYM	CF	38	64	13	14	3	0	1	2	6	13	0	0	.219	.296	.313	.608
371	 Machado, M	BAL	3B	54	215	27	47	12	0	12	27	23	51	3	1	.219	.296	.442	.738
372	 Saunders, M	PHI	RF	53	179	25	39	8	2	6	19	11	43	0	1	.218	.267	.385	.652
373	 Franco, M	PHI	3B	51	193	19	42	7	0	7	29	14	31	0	0	.218	.270	.363	.633
374	 Phegley, J	OAK	C	25	69	6	15	4	0	2	6	2	12	0	1	.217	.239	.362	.602
374	 Powell, B	SEA	CF	15	23	4	5	0	0	0	2	5	6	0	0	.217	.357	.217	.575
376	 Ruggiano, J	SF	CF	19	60	2	13	1	0	2	4	1	17	1	1	.217	.238	.333	.571
377	 Plouffe, T	OAK	3B	52	171	21	37	5	0	6	13	15	58	1	1	.216	.278	.351	.629
378	 Zunino, M	SEA	C	35	111	11	24	9	0	2	14	8	49	0	0	.216	.279	.351	.630
379	 Forsythe, L	LAD	2B	25	79	9	17	3	0	1	6	13	29	1	0	.215	.344	.291	.635
380	 Motter, T	SEA	SS	49	149	18	32	10	0	6	20	16	36	6	0	.215	.291	.403	.694
381	 Hedges, A	SD	C	53	168	20	36	6	0	11	28	11	50	0	1	.214	.265	.446	.712
381	 Story, T	COL	SS	45	154	25	33	10	0	8	22	21	58	1	0	.214	.309	.435	.744
383	 Carpenter, M	STL	1B	51	178	25	38	5	1	9	27	35	50	1	1	.213	.347	.404	.752
383	 Russell, A	CHC	SS	53	178	27	38	8	3	3	19	18	42	2	0	.213	.296	.343	.639
385	 Robertson, D	TB	2B	39	108	11	23	3	1	4	7	16	34	1	0	.213	.320	.370	.690
386	 Fryer, E	STL	C	18	33	2	7	3	0	0	1	3	7	0	0	.212	.278	.303	.581
386	 Mahtook, M	DET	RF	27	66	6	14	4	0	3	9	3	19	0	0	.212	.257	.409	.666
388	 Coghlan, C	TOR	3B	34	71	6	15	2	0	1	5	8	21	0	0	.211	.305	.282	.587
389	 Maxwell, B	OAK	C	9	19	2	4	0	0	0	0	3	6	0	0	.211	.318	.211	.529
390	 Hardy, J	BAL	SS	52	186	15	39	6	1	3	17	9	38	0	1	.210	.246	.301	.547
391	 Ellis, A	MIA	C	13	43	5	9	0	0	0	2	5	10	0	0	.209	.306	.209	.515
392	 Rua, R	TEX	LF	40	91	14	19	5	0	3	11	10	36	2	2	.209	.287	.363	.650
393	 Kelly, T	PHI	3B	19	24	2	5	4	0	0	2	2	6	0	0	.208	.259	.375	.634
394	 Dietrich, D	MIA	3B	50	140	15	29	7	2	2	15	11	30	0	0	.207	.298	.329	.627
395	 Villar, J	MIL	2B	56	213	26	44	8	0	5	24	22	73	14	4	.207	.281	.315	.595
396	 Garneau, D	COL	C	22	68	5	14	7	0	1	6	4	24	0	0	.206	.260	.353	.613
397	 Pearce, S	TOR	LF	27	83	7	17	2	0	4	10	5	24	0	0	.205	.256	.373	.629
398	 Gallo, J	TEX	3B	55	181	36	37	7	1	16	34	24	79	4	0	.204	.308	.519	.827
399	 McCann, J	DET	C	33	108	13	22	3	0	7	17	13	33	0	0	.204	.290	.426	.716
400	 Odor, R	TEX	2B	57	226	25	46	7	1	8	24	11	53	5	4	.204	.249	.350	.599
401	 Szczur, M	SD	LF	33	59	6	12	3	0	1	8	8	14	0	0	.203	.294	.305	.599
402	 Diaz, Y	CLE	3B	18	64	9	13	1	0	0	3	6	17	0	0	.203	.268	.219	.486
403	 Canha, M	OAK	1B	26	79	5	16	6	1	3	7	4	28	1	0	.203	.250	.418	.668
404	 Granderson, C	NYM	CF	54	184	22	37	13	2	4	19	20	46	1	0	.201	.280	.359	.639
405	 Collins, T	DET	RF	40	130	17	26	4	1	4	12	16	46	0	4	.200	.288	.338	.626
405	 Davis, R	OAK	CF	43	155	18	31	7	1	2	12	10	35	7	4	.200	.247	.297	.544
405	 Davis, R	CIN	P	5	5	0	1	1	0	0	0	0	4	0	0	.200	.333	.400	.733
405	 Decker, J	OAK	CF	17	50	4	10	1	1	0	1	8	17	1	1	.200	.322	.260	.582
405	 Eibner, B	LAD	CF	16	30	3	6	0	0	2	6	2	15	0	0	.200	.273	.400	.673
405	 Gaviglio, S	SEA	P	2	5	1	1	0	0	0	0	0	2	0	0	.200	.200	.200	.400
405	 LeBlanc, W	PIT	P	22	5	0	1	0	0	0	1	0	3	0	0	.200	.200	.200	.400
405	 Pederson, J	LAD	CF	35	105	15	21	6	0	2	11	13	33	0	1	.200	.309	.314	.623
405	 Saladino, T	CWS	2B	30	110	10	22	4	2	0	4	13	35	2	3	.200	.302	.273	.574
414	 Stassi, B	PHI	1B	36	61	4	12	2	1	2	6	8	15	0	0	.197	.290	.361	.651
415	 Bourjos, P	TB	LF	34	56	6	11	2	0	2	6	5	17	2	1	.196	.262	.339	.602
416	 Aybar, E	SD	SS	51	158	15	31	6	0	4	8	14	28	5	1	.196	.269	.310	.579
417	 Hoying, J	TEX	OF	16	46	8	9	1	0	1	5	3	14	2	0	.196	.240	.283	.523
418	 Frazier, T	CWS	3B	47	164	24	32	9	0	8	25	26	41	3	1	.195	.306	.396	.702
419	 Joyce, M	OAK	RF	49	154	19	30	7	0	7	25	24	41	1	1	.195	.302	.377	.679
420	 Moore, T	MIA	1B	25	36	2	7	1	0	2	8	1	15	0	0	.194	.211	.389	.599
420	 Morse, M	SF	LF	24	36	1	7	1	0	1	3	3	14	0	0	.194	.250	.306	.556
420	 Norris, D	TB	C	43	144	15	28	4	0	5	17	11	39	1	0	.194	.256	.326	.583
420	 Peterson, J	ATL	LF	42	108	4	21	5	1	0	9	14	28	2	0	.194	.293	.259	.552
424	 Miller, B	TB	2B	41	139	21	27	3	3	2	14	30	47	3	1	.194	.335	.302	.637
425	 Santana, D	ATL	LF	32	67	7	13	6	1	2	8	2	18	1	0	.194	.217	.403	.620
426	 Gimenez, C	MIN	C	23	62	6	12	3	0	1	3	15	22	0	0	.194	.359	.290	.649
427	 Buxton, B	MIN	CF	50	150	14	29	4	1	2	10	16	58	9	1	.193	.275	.273	.549
428	 Hanson, A	PIT	2B	37	57	8	11	0	2	0	1	2	9	2	1	.193	.220	.263	.483
429	 Martinez, C	STL	P	11	26	1	5	2	0	0	6	0	6	0	0	.192	.192	.269	.462
429	 Napoli, M	TEX	1B	51	182	22	35	6	0	11	25	15	65	0	0	.192	.262	.407	.669
431	 Arroyo, C	SF	3B	34	125	9	24	5	0	3	14	8	32	1	2	.192	.244	.304	.548
432	 Swanson, D	ATL	SS	54	193	21	37	6	0	5	21	23	55	1	0	.192	.275	.301	.576
433	 Calixte, O	SF	LF	6	21	0	4	1	0	0	3	3	9	0	0	.190	.280	.238	.518
433	 Chatwood, T	COL	P	11	21	2	4	1	0	0	0	0	5	0	0	.190	.190	.238	.429
433	 Drew, S	WSH	3B	10	21	3	4	1	0	0	5	2	4	0	0	.190	.240	.238	.478
433	 Gonzalez, G	WSH	P	10	21	2	4	0	0	0	4	2	9	0	0	.190	.261	.190	.451
433	 Lackey, J	CHC	P	11	21	1	4	1	0	0	1	0	7	0	0	.190	.190	.238	.429
433	 Reyes, J	NYM	3B	53	189	25	36	9	2	3	18	19	26	6	0	.190	.263	.307	.570
433	 Reynolds, M	NYM	SS	17	21	3	4	0	0	1	1	3	9	0	0	.190	.292	.333	.625
433	 Richard, C	SD	P	11	21	0	4	0	0	0	1	0	10	0	0	.190	.227	.190	.418
433	 Soto, G	CWS	C	13	42	5	8	0	0	3	9	4	10	0	0	.190	.271	.405	.676
442	 Difo, W	WSH	SS	35	79	8	15	2	1	1	5	6	15	1	1	.190	.256	.278	.534
443	 Peralta, J	STL	3B	20	53	3	10	0	0	0	0	4	13	0	0	.189	.246	.189	.434
443	 Ruiz, C	SEA	C	24	53	7	10	5	0	0	6	6	16	0	0	.189	.302	.283	.585
445	 Colon, C	MIA	2B	14	32	2	6	1	0	0	0	2	4	0	0	.188	.235	.219	.454
445	 Fuentes, R	ARI	CF	17	48	4	9	1	1	0	1	1	11	1	0	.188	.204	.250	.454
447	 Moss, B	KC	DH	38	129	16	24	3	0	9	14	13	49	1	0	.186	.259	.419	.677
448	 Kershaw, C	LAD	P	12	27	4	5	0	0	0	1	2	7	0	0	.185	.241	.185	.427
449	 Franklin, N	MIL	LF	41	65	5	12	1	1	1	7	5	17	2	0	.185	.243	.277	.520
450	 Blanco, A	PHI	1B	30	49	2	9	1	0	1	4	6	11	0	0	.184	.273	.265	.538
451	 Suzuki, I	MIA	RF	47	71	6	13	2	0	1	4	4	19	0	0	.183	.227	.254	.480
452	 Cuthbert, C	KC	3B	23	66	2	12	3	0	1	6	2	16	0	0	.182	.206	.273	.479
452	 Engel, A	CWS	CF	6	11	2	2	0	0	0	0	1	6	1	0	.182	.308	.182	.490
452	 Guyer, B	CLE	LF	21	55	4	10	3	0	1	5	0	15	0	0	.182	.237	.291	.528
455	 Carter, C	NYY	1B	41	111	13	20	3	1	4	14	14	48	0	0	.180	.279	.333	.612
456	 Escobar, A	KC	SS	55	212	16	38	10	0	0	12	5	43	0	2	.179	.204	.226	.430
457	 Blach, T	SF	P	14	17	3	3	1	0	0	2	3	10	0	0	.176	.286	.235	.521
457	 Vogelbach, D	SEA	1B	7	17	0	3	0	0	0	1	3	5	0	0	.176	.300	.176	.476
459	 Marte, J	LAA	1B	35	97	8	17	4	0	3	13	11	28	1	0	.175	.283	.309	.592
460	 Hernandez, G	SF	CF	48	103	8	18	5	0	0	8	11	25	4	0	.175	.261	.223	.484
461	 Dickey, R	ATL	P	11	23	0	4	0	0	0	5	0	6	0	0	.174	.174	.174	.348
462	 Gordon, A	KC	LF	49	168	11	29	5	0	0	10	20	35	1	2	.173	.287	.202	.490
463	 Semien, M	OAK	SS	11	35	5	6	2	0	0	1	10	11	4	0	.171	.370	.229	.598
464	 Marrero, D	BOS	2B	27	76	15	13	3	0	3	11	4	25	1	0	.171	.213	.329	.541
465	 Hill, A	SF	LF	19	36	4	6	1	0	1	5	6	10	0	0	.167	.286	.278	.563
465	 Lorenzen, M	CIN	P	24	6	1	1	0	0	1	1	0	2	0	0	.167	.167	.667	.833
465	 Marquez, G	COL	P	7	12	0	2	0	0	0	3	0	5	0	0	.167	.167	.167	.333
465	 Martinez, M	TB	2B	22	30	2	5	1	0	0	0	4	14	0	1	.167	.265	.200	.465
465	 Roark, T	WSH	P	11	18	0	3	1	0	0	0	1	6	0	0	.167	.211	.222	.433
465	 Robinson, S	LAA	LF	3	6	0	1	0	0	0	0	0	1	1	0	.167	.167	.167	.333
465	 Urias, J	LAD	P	5	6	0	1	0	0	0	0	0	4	0	0	.167	.167	.167	.333
465	 Valbuena, L	LAA	3B	30	96	9	16	2	0	3	10	14	26	0	1	.167	.273	.281	.554
473	 Soler, J	KC	LF	18	55	3	9	3	0	1	3	10	19	0	0	.164	.292	.273	.565
474	 Sardinas, L	BAL	SS	29	49	3	8	0	0	0	1	4	11	1	0	.163	.226	.163	.390
475	 Mathis, J	ARI	C	30	92	5	15	5	1	2	5	3	28	0	0	.163	.198	.304	.502
476	 Gentry, C	BAL	LF	33	37	8	6	1	0	1	4	5	15	3	0	.162	.256	.270	.526
476	 Schwarber, K	CHC	LF	51	185	24	30	7	0	9	23	30	66	0	0	.162	.289	.346	.635
478	 Schimpf, R	SD	3B	51	161	24	26	2	0	14	25	27	67	0	0	.161	.290	.435	.725
479	 Williamson, M	SF	RF	10	31	4	5	0	0	1	4	3	12	1	0	.161	.235	.258	.493
480	 Jankowski, T	SD	LF	17	50	7	8	1	0	0	0	7	21	2	0	.160	.263	.180	.443
480	 Leake, M	STL	P	11	25	2	4	1	0	0	2	2	8	0	0	.160	.222	.200	.422
480	 Scherzer, M	WSH	P	10	25	1	4	0	0	0	1	1	7	0	0	.160	.192	.160	.352
483	 Herrmann, C	ARI	C	42	82	10	13	2	0	5	11	13	23	1	0	.159	.274	.366	.640
484	 Walker, T	ARI	P	9	19	2	3	0	0	0	1	1	7	0	0	.158	.200	.158	.358
485	 Espinosa, D	LAA	2B	52	156	19	24	6	0	5	18	15	61	1	2	.154	.240	.288	.528
485	 Perdomo, L	SD	P	8	13	1	2	1	1	0	1	0	6	0	0	.154	.154	.385	.538
485	 Ross, J	WSH	P	7	13	1	2	0	0	0	1	1	4	0	0	.154	.214	.154	.368
488	 Hellickson, J	PHI	P	12	20	1	3	1	1	0	2	3	5	0	0	.150	.261	.300	.561
489	 Orlando, P	KC	RF	14	47	4	7	0	0	0	2	1	15	1	1	.149	.184	.149	.333
490	 Kozma, P	TEX	SS	25	27	5	4	0	0	1	2	3	11	0	1	.148	.258	.259	.517
490	 Lobaton, J	WSH	C	15	54	5	8	2	0	1	1	3	11	0	0	.148	.193	.241	.434
490	 Turner, S	CIN	C	13	27	0	4	3	0	0	3	1	9	0	0	.148	.172	.259	.432
493	 Anderson, B	CHC	P	6	7	0	1	0	0	0	1	1	3	0	0	.143	.250	.143	.393
493	 Arroyo, B	CIN	P	12	21	0	3	0	0	0	0	0	9	0	0	.143	.143	.143	.286
493	 Bethancourt, C	SD	C	8	7	0	1	0	0	0	0	0	3	0	0	.143	.143	.143	.286
493	 Candelario, J	CHC	3B	6	21	1	3	1	0	0	2	1	6	0	0	.143	.182	.190	.372
493	 Cardullo, S	COL	LF	15	28	2	4	0	0	0	3	3	7	0	0	.143	.250	.143	.393
493	 Conley, A	MIA	P	6	7	0	1	0	0	0	0	0	3	0	0	.143	.143	.143	.286
493	 Eflin, Z	PHI	P	7	14	1	2	0	0	0	1	0	9	0	0	.143	.143	.143	.286
493	 Garcia, J	ATL	P	7	14	0	2	1	0	0	1	0	3	0	0	.143	.143	.214	.357
493	 Parker, J	SF	LF	9	21	1	3	0	1	0	2	2	10	0	0	.143	.217	.238	.455
493	 Recker, A	ATL	C	6	7	1	1	0	0	0	0	0	1	0	0	.143	.143	.143	.286
493	 Senzatela, A	COL	P	10	21	1	3	0	0	0	2	0	13	0	0	.143	.143	.143	.286
504	 Jones, J	DET	CF	22	51	4	7	1	1	1	4	4	26	1	1	.137	.228	.255	.483
505	 Perez, R	CLE	C	21	66	5	9	2	0	0	8	8	18	0	1	.136	.227	.167	.393
506	 Profar, J	TEX	LF	15	37	5	5	0	0	0	3	8	8	0	1	.135	.289	.135	.424
507	 Gillaspie, C	SF	3B	26	45	3	6	1	0	0	4	4	6	0	0	.133	.216	.156	.371
507	 Holt, B	BOS	LF	6	15	2	2	0	0	0	1	4	7	0	0	.133	.316	.133	.449
509	 Maile, L	TOR	C	23	68	5	9	0	0	2	4	3	15	1	0	.132	.178	.221	.399
510	 Bonifacio, E	ATL	LF	38	38	2	5	1	1	0	3	1	9	0	0	.132	.150	.211	.361
510	 Marrero, C	SF	LF	15	38	2	5	0	0	1	5	2	9	0	0	.132	.171	.211	.381
510	 Torrens, L	SD	C	20	38	2	5	1	0	0	1	2	8	0	0	.132	.195	.158	.353
513	 Anderson, C	MIL	P	10	23	0	3	0	0	0	0	0	12	0	0	.130	.130	.130	.261
513	 Strasburg, S	WSH	P	10	23	3	3	0	0	1	1	0	6	0	0	.130	.130	.261	.391
515	 Gosselin, P	PIT	2B	21	31	2	4	1	0	0	2	1	7	0	1	.129	.156	.161	.318
516	 Heisey, C	WSH	LF	28	47	5	6	1	0	1	3	3	15	0	0	.128	.180	.213	.393
517	 Alford, A	TOR	CF	4	8	0	1	1	0	0	0	0	3	0	0	.125	.125	.250	.375
517	 Arrieta, J	CHC	P	11	24	0	3	0	1	0	2	0	12	0	0	.125	.125	.208	.333
517	 Bautista, R	WSH	CF	5	8	0	1	0	0	0	0	1	1	0	0	.125	.222	.125	.347
517	 Cain, M	SF	P	10	16	1	2	1	0	0	0	0	10	0	0	.125	.125	.188	.313
517	 Chen, W	MIA	P	4	8	0	1	0	0	0	0	0	3	0	0	.125	.125	.125	.250
517	 Hoffman, J	COL	P	4	8	1	1	0	0	0	0	0	3	0	0	.125	.125	.125	.250
517	 Milone, T	NYM	P	9	8	0	1	0	0	0	1	1	4	0	0	.125	.222	.125	.347
517	 Pivetta, N	PHI	P	4	8	1	1	0	0	0	0	0	4	0	0	.125	.125	.125	.250
517	 Plawecki, K	NYM	C	10	24	1	3	1	0	0	4	2	4	0	0	.125	.214	.167	.381
517	 Refsnyder, R	NYY	1B	8	16	2	2	1	0	0	0	2	3	1	0	.125	.222	.188	.410
517	 Slater, A	SF	LF	2	8	1	1	0	0	0	1	1	2	0	0	.125	.222	.125	.347
528	 VanSlyke, S	LAD	LF	28	41	6	5	1	0	2	3	6	15	1	0	.122	.234	.293	.527
529	 Gsellman, R	NYM	P	14	17	0	2	0	0	0	3	2	8	0	0	.118	.200	.118	.318
530	 Maeda, K	LAD	P	10	18	0	2	0	0	0	2	0	0	0	0	.111	.111	.111	.222
530	 Martin, L	SEA	CF	15	54	5	6	1	0	0	0	3	14	4	1	.111	.172	.130	.302
530	 Nola, A	PHI	P	6	9	2	1	0	0	0	0	2	2	0	0	.111	.273	.111	.384
530	 Selsky, S	BOS	3B	8	9	0	1	1	0	0	0	0	5	0	0	.111	.111	.222	.333
534	 Asche, C	CWS	DH	19	57	5	6	1	0	1	4	3	21	0	0	.105	.177	.175	.353
534	 Hendricks, K	CHC	P	11	19	1	2	0	0	0	2	0	11	0	0	.105	.105	.105	.211
534	 Teheran, J	ATL	P	14	19	1	2	0	0	0	1	0	6	0	0	.105	.100	.105	.205
537	 Blash, J	SD	LF	14	29	5	3	0	0	1	1	9	15	0	1	.103	.316	.207	.523
538	 Bird, G	NYY	1B	19	60	6	6	3	0	1	3	10	22	0	0	.100	.250	.200	.450
538	 Moore, M	SF	P	12	20	2	2	0	0	0	2	0	8	0	0	.100	.100	.100	.200
538	 Taillon, J	PIT	P	5	10	1	1	0	0	0	0	0	3	0	0	.100	.100	.100	.200
541	 Cole, G	PIT	P	12	21	0	2	0	0	0	0	0	9	0	0	.095	.095	.095	.190
541	 Mondesi, R	KC	2B	15	42	4	4	0	0	1	2	3	18	5	2	.095	.156	.167	.322
541	 Nelson, J	MIL	P	11	21	0	2	0	0	0	2	0	11	0	0	.095	.095	.095	.190
541	 Wheeler, Z	NYM	P	11	21	1	2	1	0	0	0	1	9	0	0	.095	.136	.143	.279
545	 Moroff, M	PIT	2B	6	11	1	1	0	0	0	1	0	5	0	1	.091	.091	.091	.182
545	 Sanchez, H	SD	C	18	22	1	2	0	0	1	3	2	9	0	0	.091	.167	.227	.394
545	 Stubbs, D	TEX	CF	10	22	0	2	0	0	0	0	2	9	0	0	.091	.167	.091	.258
548	 Corbin, P	ARI	P	13	23	3	2	0	0	0	0	2	11	0	0	.087	.160	.087	.247
548	 Lester, J	CHC	P	12	23	1	2	1	0	0	3	1	11	0	0	.087	.120	.130	.250
550	 Godley, Z	ARI	P	6	12	0	1	0	0	0	0	1	4	0	0	.083	.154	.083	.237
550	 McCarthy, B	LAD	P	9	12	2	1	0	0	0	0	3	8	0	0	.083	.267	.083	.350
550	 Ortiz, D	PIT	OF	9	12	1	1	0	0	0	0	1	1	0	0	.083	.154	.083	.237
553	 Nieuwenhuis, K	MIL	CF	15	25	3	2	1	0	1	1	4	15	0	0	.080	.233	.240	.473
553	 Samardzija, J	SF	P	13	25	0	2	1	0	0	0	0	10	0	0	.080	.080	.120	.200
555	 Adleman, T	CIN	P	8	13	0	1	1	0	0	2	0	5	0	0	.077	.077	.154	.231
555	 Eickhoff, J	PHI	P	10	13	1	1	0	0	0	0	0	7	0	0	.077	.077	.077	.154
555	 Garza, M	MIL	P	8	13	0	1	0	0	0	1	0	6	0	0	.077	.143	.077	.220
555	 Greinke, Z	ARI	P	13	26	2	2	0	0	0	0	1	8	0	0	.077	.111	.077	.188
555	 Perez, C	LAA	C	5	13	0	1	0	0	0	1	0	4	0	0	.077	.077	.077	.154
555	 Urena, J	MIA	P	9	13	1	1	0	0	0	0	0	5	0	0	.077	.077	.077	.154
561	 Gosewisch, T	SEA	C	11	28	1	2	0	0	0	0	1	14	0	0	.071	.103	.071	.175
561	 Koehler, T	MIA	P	7	14	0	1	0	0	0	0	0	9	0	0	.071	.071	.071	.143
563	 Davies, Z	MIL	P	12	15	1	1	0	0	0	0	2	5	0	0	.067	.176	.067	.243
563	 Freeman, M	LAD	2B	16	30	3	2	0	0	1	1	4	9	0	0	.067	.176	.167	.343
563	 Wacha, M	STL	P	9	15	1	1	0	0	0	1	0	7	0	0	.067	.067	.067	.133
566	 Garrett, A	CIN	P	9	16	1	1	1	0	0	1	0	6	0	0	.063	.063	.125	.188
567	 Wood, A	LAD	P	10	17	1	1	0	0	0	2	0	12	0	0	.059	.059	.059	.118
568	 Fontana, N	LAA	SS	7	18	1	1	0	0	1	1	1	7	1	1	.056	.105	.222	.327
568	 May, J	CWS	CF	15	36	2	2	0	0	0	3	3	17	0	0	.056	.150	.056	.206
570	 Anderson, T	COL	P	11	19	1	1	0	0	0	0	1	12	0	0	.053	.100	.053	.153
571	 Lynn, L	STL	P	11	20	1	1	0	0	0	0	0	10	0	0	.050	.095	.050	.145
571	 Straily, D	MIA	P	11	20	1	1	0	0	0	1	0	13	0	0	.050	.050	.050	.100
573	 Cueto, J	SF	P	12	21	1	1	0	0	0	2	1	6	0	0	.048	.087	.048	.135
574	 Harvey, M	NYM	P	11	24	2	1	0	0	0	0	0	7	0	0	.042	.042	.042	.083
574	 Nova, I	PIT	P	11	24	0	1	0	0	0	0	0	16	0	0	.042	.042	.042	.083
576	 Saltalamacchia, J	TOR	C	10	25	1	1	0	0	0	0	1	16	0	0	.040	.077	.040	.117
577	 Adames, C	COL	SS	12	13	1	0	0	0	0	0	1	6	0	0	.000	.071	.000	.071
577	 Astin, B	CIN	P	6	1	0	0	0	0	0	0	0	1	0	0	.000	.000	.000	.000
577	 Asuaje, C	SD	2B	2	2	0	0	0	0	0	0	0	0	0	0	.000	.000	.000	.000
577	 Avilan, L	LAD	P	23	2	0	0	0	0	0	0	0	1	0	0	.000	.000	.000	.000
577	 Aviles, M	MIA	SS	3	5	0	0	0	0	0	0	1	1	0	0	.000	.286	.000	.286
577	 Baez, P	LAD	P	23	1	0	0	0	0	0	0	0	1	0	0	.000	.000	.000	.000
577	 Barbato, J	PIT	P	14	1	0	0	0	0	0	0	0	0	0	0	.000	.000	.000	.000
577	 Bauer, T	CLE	P	1	2	0	0	0	0	0	0	0	0	0	0	.000	.000	.000	.000
577	 Bergman, C	SEA	P	1	1	0	0	0	0	0	0	0	0	0	0	.000	.000	.000	.000
577	 Biagini, J	TOR	P	4	2	0	0	0	0	0	1	0	0	0	0	.000	.000	.000	.000
577	 Bormann, J	PIT	C	1	1	0	0	0	0	0	0	0	1	0	0	.000	.000	.000	.000
577	 Bostick, C	PIT	2B	3	4	0	0	0	0	0	0	1	2	0	1	.000	.200	.000	.200
577	 Bradley, A	ARI	P	19	2	0	0	0	0	0	0	0	2	0	0	.000	.000	.000	.000
577	 Brice, A	CIN	P	10	2	0	0	0	0	0	0	0	1	0	0	.000	.000	.000	.000
577	 Buchholz, C	PHI	P	2	2	0	0	0	0	0	0	0	2	0	0	.000	.000	.000	.000
577	 Burns, B	KC	CF	2	2	0	0	0	0	0	0	0	1	0	0	.000	.000	.000	.000
577	 Butler, E	CHC	P	5	7	0	0	0	0	0	0	1	4	0	0	.000	.125	.000	.125
577	 Carrasco, C	CLE	P	1	3	0	0	0	0	0	0	0	0	0	0	.000	.000	.000	.000
577	 Chavez, J	LAA	P	2	3	0	0	0	0	0	0	0	3	0	0	.000	.000	.000	.000
577	 Cobb, A	TB	P	1	3	0	0	0	0	0	0	0	2	0	0	.000	.000	.000	.000
577	 Cole, A	WSH	P	1	2	0	0	0	0	0	0	0	1	0	0	.000	.000	.000	.000
577	 Colon, B	ATL	P	9	14	1	0	0	0	0	0	0	8	0	0	.000	.000	.000	.000
577	 Cosart, J	SD	P	7	4	0	0	0	0	0	0	0	2	0	0	.000	.000	.000	.000
577	 Covey, D	CWS	P	1	1	0	0	0	0	0	0	0	1	0	0	.000	.000	.000	.000
577	 Delgado, R	ARI	P	18	6	0	0	0	0	0	0	0	2	0	0	.000	.000	.000	.000
577	 Despaigne, O	MIA	P	2	2	0	0	0	0	0	0	0	0	0	0	.000	.000	.000	.000
577	 Duensing, B	CHC	P	18	2	0	0	0	0	0	0	0	2	0	0	.000	.000	.000	.000
577	 EdwardsJr, C	CHC	P	23	1	1	0	0	0	0	0	0	1	0	0	.000	.000	.000	.000
577	 Ellington, B	MIA	P	8	1	0	0	0	0	0	0	0	0	0	0	.000	.000	.000	.000
577	 Ervin, P	CIN	RF	3	2	0	0	0	0	0	0	1	0	0	0	.000	.333	.000	.333
577	 Espino, P	MIL	P	1	1	0	0	0	0	0	0	0	0	0	0	.000	.000	.000	.000
577	 Estrada, M	TOR	P	1	2	0	0	0	0	0	0	0	2	0	0	.000	.000	.000	.000
577	 Federowicz, T	SF	C	2	2	0	0	0	0	0	0	1	1	0	0	.000	.333	.000	.333
577	 Feldman, S	CIN	P	12	20	0	0	0	0	0	0	0	9	0	0	.000	.000	.000	.000
577	 Feliz, M	HOU	P	1	1	0	0	0	0	0	0	0	1	0	0	.000	.000	.000	.000
577	 Finnegan, B	CIN	P	4	4	0	0	0	0	0	0	0	1	0	0	.000	.000	.000	.000
577	 Floro, D	CHC	P	2	2	0	0	0	0	0	0	0	2	0	0	.000	.000	.000	.000
577	 Foltynewicz, M	ATL	P	11	14	0	0	0	0	0	0	0	7	0	0	.000	.000	.000	.000
577	 Freeman, S	ATL	P	8	2	0	0	0	0	0	0	0	1	0	0	.000	.000	.000	.000
577	 Gausman, K	BAL	P	1	1	0	0	0	0	0	0	0	0	0	0	.000	.000	.000	.000
577	 Gonzalez, M	CWS	P	1	2	0	0	0	0	0	0	0	1	0	0	.000	.000	.000	.000
577	 Gray, J	COL	P	3	5	0	0	0	0	0	0	0	2	0	0	.000	.000	.000	.000
577	 Green, G	WSH	2B	2	3	0	0	0	0	0	0	0	2	0	0	.000	.000	.000	.000
577	 Griffin, A	TEX	P	1	3	0	0	0	0	0	0	1	3	0	0	.000	.250	.000	.250
577	 Grimm, J	CHC	P	15	1	0	0	0	0	0	0	0	1	0	0	.000	.000	.000	.000
577	 Guerra, J	MIL	P	4	6	0	0	0	0	0	0	0	2	0	0	.000	.000	.000	.000
577	 Hernandez, A	CIN	P	1	1	0	0	0	0	0	0	0	0	0	0	.000	.000	.000	.000
577	 Higashioka, K	NYY	C	9	18	2	0	0	0	0	0	2	6	0	0	.000	.100	.000	.100
577	 Hill, R	LAD	P	6	8	0	0	0	0	0	0	0	3	0	0	.000	.111	.000	.111
577	 Janish, P	BAL	SS	3	5	0	0	0	0	0	0	0	1	0	0	.000	.000	.000	.000
577	 Kemp, T	HOU	2B	2	3	0	0	0	0	0	0	0	2	0	0	.000	.000	.000	.000
577	 Kendrick, K	BOS	P	1	1	0	0	0	0	0	0	0	1	0	0	.000	.000	.000	.000
577	 Keuchel, D	HOU	P	1	3	0	0	0	0	0	0	0	2	0	0	.000	.000	.000	.000
577	 Kontos, G	SF	P	23	1	0	0	0	0	0	0	0	0	0	0	.000	.000	.000	.000
577	 Kuhl, C	PIT	P	11	11	0	0	0	0	0	0	1	3	0	0	.000	.083	.000	.083
577	 LaMarre, R	OAK	LF	3	7	0	0	0	0	0	0	1	3	0	0	.000	.125	.000	.125
577	 Lamet, D	SD	P	2	4	0	0	0	0	0	0	0	3	0	0	.000	.000	.000	.000
577	 Latos, M	TOR	P	1	3	0	0	0	0	0	0	0	0	0	0	.000	.000	.000	.000
577	 Lawrence, C	SEA	P	2	2	0	0	0	0	0	0	0	1	0	0	.000	.000	.000	.000
577	 Lee, Z	SD	P	3	3	0	0	0	0	0	0	0	0	0	0	.000	.000	.000	.000
577	 LeiterJr, M	PHI	P	10	3	0	0	0	0	0	0	0	2	0	0	.000	.000	.000	.000
577	 Lindblom, J	PIT	P	4	2	0	0	0	0	0	0	0	1	0	0	.000	.000	.000	.000
577	 Locke, J	MIA	P	1	2	0	0	0	0	0	0	0	2	0	0	.000	.000	.000	.000
577	 LombardozziJr, S	MIA	2B	2	8	0	0	0	0	0	0	0	2	0	0	.000	.000	.000	.000
577	 Machi, J	SEA	P	1	1	0	0	0	0	0	0	0	1	0	0	.000	.000	.000	.000
577	 Marinez, J	PIT	P	21	3	0	0	0	0	0	0	0	2	0	0	.000	.000	.000	.000
577	 Martinez, N	TEX	P	1	1	0	0	0	0	0	0	1	1	0	0	.000	.500	.000	.500
577	 McCullersJr, L	HOU	P	1	3	0	0	0	0	0	0	0	0	0	0	.000	.000	.000	.000
577	 McFarland, T	ARI	P	11	2	0	0	0	0	0	0	0	2	0	0	.000	.000	.000	.000
577	 McGowan, D	MIA	P	18	3	0	0	0	0	0	0	0	3	0	0	.000	.000	.000	.000
577	 Miller, A	CLE	P	2	1	0	0	0	0	0	0	0	1	0	0	.000	.000	.000	.000
577	 Miller, S	ARI	P	4	6	2	0	0	0	0	0	2	3	0	0	.000	.333	.000	.333
577	 Miranda, A	SEA	P	4	6	1	0	0	0	0	0	0	3	0	0	.000	.000	.000	.000
577	 Montero, R	NYM	P	13	2	0	0	0	0	0	0	0	0	0	0	.000	.000	.000	.000
577	 Montgomery, J	NYY	P	2	3	0	0	0	0	0	0	2	2	0	0	.000	.400	.000	.400
577	 Montgomery, M	CHC	P	17	3	0	0	0	0	0	0	0	3	0	0	.000	.000	.000	.000
577	 Musgrove, J	HOU	P	1	2	0	0	0	0	0	0	0	1	0	0	.000	.000	.000	.000
577	 Nicolino, J	MIA	P	3	5	0	0	0	0	0	0	0	0	0	0	.000	.000	.000	.000
577	 Nolasco, R	LAA	P	1	2	0	0	0	0	0	0	0	2	0	0	.000	.000	.000	.000
577	 Nuno, V	BAL	P	1	1	0	0	0	0	0	0	0	0	0	0	.000	.000	.000	.000
577	 Odorizzi, J	TB	P	1	2	0	0	0	0	0	0	0	0	0	0	.000	.000	.000	.000
577	 Okert, S	SF	P	17	1	0	0	0	0	0	0	0	1	0	0	.000	.000	.000	.000
577	 Olson, M	OAK	RF	2	3	1	0	0	0	0	1	1	2	0	0	.000	.250	.000	.250
577	 Pagan, E	SEA	P	1	2	0	0	0	0	0	0	0	1	0	0	.000	.000	.000	.000
577	 Phelps, D	MIA	P	25	1	0	0	0	0	0	0	0	1	0	0	.000	.000	.000	.000
577	 Pill, T	NYM	P	3	3	0	0	0	0	0	0	0	0	0	0	.000	.000	.000	.000
577	 Pinto, R	PHI	P	1	1	0	0	0	0	0	0	0	1	0	0	.000	.000	.000	.000
577	 Pomeranz, D	BOS	P	1	1	0	0	0	0	0	0	0	1	0	0	.000	.000	.000	.000
577	 Porcello, R	BOS	P	1	2	0	0	0	0	0	0	0	2	0	0	.000	.000	.000	.000
577	 Quintana, J	CWS	P	1	2	0	0	0	0	0	0	0	1	0	0	.000	.000	.000	.000
577	 Ramirez, J	LAA	P	1	3	0	0	0	0	0	0	0	1	0	0	.000	.000	.000	.000
577	 Reed, C	CIN	P	7	2	0	0	0	0	0	0	0	2	0	0	.000	.000	.000	.000
577	 Robinson, D	TEX	3B	1	2	0	0	0	0	0	0	0	0	0	0	.000	.000	.000	.000
577	 Rodriguez, E	BOS	P	2	4	0	0	0	0	0	0	0	2	0	0	.000	.000	.000	.000
577	 Romero, E	WSH	P	21	1	0	0	0	0	0	0	0	1	0	0	.000	.000	.000	.000
577	 Sabathia, C	NYY	P	2	3	0	0	0	0	0	0	1	2	0	0	.000	.250	.000	.250
577	 Scahill, R	MIL	P	11	1	0	0	0	0	0	0	0	1	0	0	.000	.000	.000	.000
577	 Severino, L	NYY	P	1	2	0	0	0	0	0	0	0	1	0	0	.000	.000	.000	.000
577	 Sewald, P	NYM	P	16	2	0	0	0	0	0	0	0	1	0	0	.000	.000	.000	.000
577	 Shipley, B	ARI	P	2	5	0	0	0	0	0	0	0	1	0	0	.000	.000	.000	.000
577	 Shoemaker, M	LAA	P	1	2	0	0	0	0	0	0	0	1	0	0	.000	.000	.000	.000
577	 Shreve, C	NYY	P	2	1	0	0	0	0	0	0	0	0	0	0	.000	.000	.000	.000
577	 Sipp, T	HOU	P	1	1	0	0	0	0	0	0	0	0	0	0	.000	.000	.000	.000
577	 Smoker, J	NYM	P	20	1	0	0	0	0	0	0	0	0	0	0	.000	.000	.000	.000
577	 Socolovich, M	STL	P	13	1	0	0	0	0	0	0	0	0	0	0	.000	.000	.000	.000
577	 Stammen, C	SD	P	18	2	0	0	0	0	0	0	1	1	0	0	.000	.333	.000	.333
577	 Storen, D	CIN	P	23	1	0	0	0	0	0	0	0	0	0	0	.000	.000	.000	.000
577	 Stripling, R	LAD	P	21	5	2	0	0	0	0	0	0	3	0	0	.000	.000	.000	.000
577	 Tanaka, M	NYY	P	1	2	0	0	0	0	0	0	0	2	0	0	.000	.000	.000	.000
577	 Tapia, R	COL	CF	6	12	0	0	0	0	0	0	1	5	0	0	.000	.077	.000	.077
577	 Telis, T	MIA	C	2	2	0	0	0	0	0	0	0	0	0	0	.000	.000	.000	.000
577	 Tepera, R	TOR	P	4	1	0	0	0	0	0	0	0	1	0	0	.000	.000	.000	.000
577	 Thompson, T	LAD	CF	3	8	0	0	0	0	0	0	0	3	0	0	.000	.000	.000	.000
577	 Turner, J	WSH	P	9	3	0	0	0	0	0	0	1	0	0	0	.000	.250	.000	.250
577	 Verlander, J	DET	P	1	3	0	0	0	0	0	0	0	3	0	0	.000	.000	.000	.000
577	 Watson, T	PIT	P	21	1	0	0	0	0	0	0	0	1	0	0	.000	.000	.000	.000
577	 Weaver, J	SD	P	8	10	0	0	0	0	0	0	0	6	0	0	.000	.000	.000	.000
577	 Wilk, A	MIN	P	1	1	0	0	0	0	0	0	0	0	0	0	.000	.000	.000	.000
577	 Williams, T	PIT	P	12	11	0	0	0	0	0	0	0	6	0	0	.000	.000	.000	.000
577	 Wisler, M	ATL	P	6	1	0	0	0	0	0	0	0	0	0	0	.000	.000	.000	.000
577	 Wittgren, N	MIA	P	15	2	0	0	0	0	0	0	0	1	0	0	.000	.000	.000	.000
577	 Wojciechowski, A	CIN	P	3	3	0	0	0	0	0	0	0	2	0	0	.000	.000	.000	.000
577	 Zastryzny, R	CHC	P	1	2	0	0	0	0	0	0	0	0	0	0	.000	.000	.000	.000
700	 Abad, F	BOS	P	3	0	0	0	0	0	0	0	0	0	0	0	.---	.---	.---	.000
700	 Albers, M	WSH	P	19	0	0	0	0	0	0	0	0	0	0	0	.---	.---	.---	.000
700	 Allen, C	CLE	P	2	0	0	0	0	0	0	0	0	0	0	0	.---	.---	.---	.000
700	 Altavilla, D	SEA	P	4	0	0	0	0	0	0	0	0	0	0	0	.---	.---	.---	.000
700	 Alvarez, J	LAA	P	4	0	0	0	0	0	0	0	0	0	0	0	.---	.---	.---	.000
700	 Armstrong, S	CLE	P	3	0	0	0	0	0	0	0	0	0	0	0	.---	.---	.---	.000
700	 Asher, A	BAL	P	1	0	0	0	0	0	0	0	0	0	0	0	.---	.---	.---	.000
700	 Axford, J	OAK	P	1	0	0	0	0	0	0	0	0	0	0	0	.---	.---	.---	.000
700	 Barnes, D	TOR	P	3	0	0	0	0	0	0	0	0	0	0	0	.---	.---	.---	.000
700	 Barnes, J	MIL	P	29	0	0	0	0	0	0	0	0	0	0	0	.---	.---	.---	.000
700	 Barnes, M	BOS	P	3	0	0	0	0	0	0	0	0	0	0	0	.---	.---	.---	.000
700	 Barraclough, K	MIA	P	21	0	0	0	0	0	0	0	0	0	0	0	.---	.---	.---	.000
700	 Bastardo, A	PIT	P	5	0	0	0	0	0	0	0	1	0	0	0	.---	1.000	.---	1.000
700	 Beck, C	CWS	P	2	0	0	0	0	0	0	0	0	0	0	0	.---	.---	.---	.000
700	 Belisle, M	MIN	P	1	0	0	0	0	0	0	0	0	0	0	0	.---	.---	.---	.000
700	 Bell, C	DET	P	1	0	0	0	0	0	0	0	0	0	0	0	.---	.---	.---	.000
700	 Benoit, J	PHI	P	22	0	0	0	0	0	0	0	0	0	0	0	.---	.---	.---	.000
700	 Betances, D	NYY	P	3	0	0	0	0	0	0	0	0	0	0	0	.---	.---	.---	.000
700	 Blanton, J	WSH	P	13	0	0	0	0	0	0	0	1	0	0	0	.---	1.000	.---	1.000
700	 Blevins, J	NYM	P	30	0	0	0	0	0	0	0	0	0	0	0	.---	.---	.---	.000
700	 Bowman, M	STL	P	26	0	0	0	0	0	0	0	0	0	0	0	.---	.---	.---	.000
700	 Brach, B	BAL	P	3	0	0	0	0	0	0	0	0	0	0	0	.---	.---	.---	.000
700	 Bracho, S	ARI	P	3	0	0	0	0	0	0	0	0	0	0	0	.---	.---	.---	.000
700	 Brebbia, J	STL	P	3	0	0	0	0	0	0	0	0	0	0	0	.---	.---	.---	.000
700	 Breslow, C	MIN	P	1	0	0	0	0	0	0	0	0	0	0	0	.---	.---	.---	.000
700	 Broxton, J	STL	P	19	0	0	0	0	0	0	0	0	0	0	0	.---	.---	.---	.000
700	 Buchter, R	SD	P	22	0	0	0	0	0	0	0	0	0	0	0	.---	.---	.---	.000
700	 Carle, S	COL	P	1	0	0	0	0	0	0	0	0	0	0	0	.---	.---	.---	.000
700	 Casilla, S	OAK	P	1	0	0	0	0	0	0	0	0	0	0	0	.---	.---	.---	.000
700	 Cecil, B	STL	P	26	0	0	0	0	0	0	0	0	0	0	0	.---	.---	.---	.000
700	 Chafin, A	ARI	P	25	0	0	0	0	0	0	0	0	0	0	0	.---	.---	.---	.000
700	 Chapman, A	NYY	P	4	0	0	0	0	0	0	0	0	0	0	0	.---	.---	.---	.000
700	 Cingrani, T	CIN	P	5	0	0	0	0	0	0	0	0	0	0	0	.---	.---	.---	.000
700	 Claudio, A	TEX	P	1	0	0	0	0	0	0	0	0	0	0	0	.---	.---	.---	.000
700	 Clippard, T	NYY	P	5	0	0	0	0	0	0	0	0	0	0	0	.---	.---	.---	.000
700	 Collmenter, J	ATL	P	10	0	0	0	0	0	0	0	0	0	0	0	.---	.---	.---	.000
700	 Colome, A	TB	P	2	0	0	0	0	0	0	0	0	0	0	0	.---	.---	.---	.000
700	 Davis, W	CHC	P	20	0	0	0	0	0	0	0	0	0	0	0	.---	.---	.---	.000
700	 Dayton, G	LAD	P	17	0	0	0	0	0	0	0	0	0	0	0	.---	.---	.---	.000
700	 DeLaRosa, J	ARI	P	25	0	0	0	0	0	0	0	0	0	0	0	.---	.---	.---	.000
700	 Devenski, C	HOU	P	1	0	0	0	0	0	0	0	0	0	0	0	.---	.---	.---	.000
700	 Diaz, E	SEA	P	4	0	0	0	0	0	0	0	0	0	0	0	.---	.---	.---	.000
700	 Diaz, J	TB	P	1	0	0	0	0	0	0	0	0	0	0	0	.---	.---	.---	.000
700	 Diaz, M	SD	P	20	0	0	0	0	0	0	0	0	0	0	0	.---	.---	.---	.000
700	 Drake, O	MIL	P	24	0	0	0	0	0	0	0	0	0	0	0	.---	.---	.---	.000
700	 Dunn, M	COL	P	21	0	0	0	0	0	0	0	0	0	0	0	.---	.---	.---	.000
700	 Edgin, J	NYM	P	27	0	0	0	0	0	0	0	0	0	0	0	.---	.---	.---	.000
700	 Esch, J	SD	P	1	0	0	0	0	0	0	0	0	0	0	0	.---	.---	.---	.000
700	 Estevez, C	COL	P	14	0	0	0	0	0	0	0	0	0	0	0	.---	.---	.---	.000
700	 Familia, J	NYM	P	11	0	0	0	0	0	0	0	0	0	0	0	.---	.---	.---	.000
700	 Farquhar, D	TB	P	1	0	0	0	0	0	0	0	0	0	0	0	.---	.---	.---	.000
700	 Feliz, N	MIL	P	24	0	0	0	0	0	0	0	0	0	0	0	.---	.---	.---	.000
700	 Fields, J	LAD	P	24	0	0	0	0	0	0	0	0	0	0	0	.---	.---	.---	.000
700	 Fiers, M	HOU	P	1	0	1	0	0	0	0	0	0	0	0	0	.---	.---	.---	.000
700	 Garcia, J	MIA	P	19	0	0	0	0	0	0	0	0	0	0	0	.---	.---	.---	.000
700	 Garcia, L	PHI	P	16	0	0	0	0	0	0	0	0	0	0	0	.---	.---	.---	.000
700	 Gearrin, C	SF	P	22	0	0	0	0	0	0	0	0	0	0	0	.---	.---	.---	.000
700	 Giles, K	HOU	P	2	0	0	0	0	0	0	0	0	0	0	0	.---	.---	.---	.000
700	 Givens, M	BAL	P	2	0	0	0	0	0	0	0	0	0	0	0	.---	.---	.---	.000
700	 Glover, K	WSH	P	20	0	0	0	0	0	0	0	0	0	0	0	.---	.---	.---	.000
700	 Goforth, D	MIL	P	1	0	0	0	0	0	0	0	0	0	0	0	.---	.---	.---	.000
700	 Gomez, J	PHI	P	14	0	0	0	0	0	0	0	0	0	0	0	.---	.---	.---	.000
700	 Gore, T	KC	OF	1	0	0	0	0	0	0	0	0	0	0	0	.---	.---	.---	.000
700	 Grace, M	WSH	P	7	0	0	0	0	0	0	0	0	0	0	0	.---	.---	.---	.000
700	 Green, C	NYY	P	1	0	0	0	0	0	0	0	0	0	0	0	.---	.---	.---	.000
700	 Greene, S	DET	P	1	0	0	0	0	0	0	0	0	0	0	0	.---	.---	.---	.000
700	 Gregerson, L	HOU	P	3	0	0	0	0	0	0	0	0	0	0	0	.---	.---	.---	.000
700	 Grilli, J	TOR	P	3	0	0	0	0	0	0	0	0	0	0	0	.---	.---	.---	.000
700	 Guerra, D	LAA	P	2	0	0	0	0	0	0	0	0	0	0	0	.---	.---	.---	.000
700	 Guthrie, J	WSH	P	1	0	0	0	0	0	0	0	0	0	0	0	.---	.---	.---	.000
700	 Haley, J	MIN	P	1	0	0	0	0	0	0	0	0	0	0	0	.---	.---	.---	.000
700	 Hand, B	SD	P	24	0	0	0	0	0	0	0	0	0	0	0	.---	.---	.---	.000
700	 Hardy, B	DET	P	1	0	0	0	0	0	0	0	0	0	0	0	.---	.---	.---	.000
700	 Harris, W	HOU	P	1	0	0	0	0	0	0	0	0	0	0	0	.---	.---	.---	.000
700	 Hart, D	BAL	P	2	0	0	0	0	0	0	0	0	0	0	0	.---	.---	.---	.000
700	 Hatcher, C	LAD	P	20	0	0	0	0	0	0	0	0	0	0	0	.---	.---	.---	.000
700	 Hembree, H	BOS	P	4	0	0	0	0	0	0	0	0	0	0	0	.---	.---	.---	.000
700	 Hernandez, D	LAA	P	2	0	0	0	0	0	0	0	0	0	0	0	.---	.---	.---	.000
700	 Hernandez, T	HOU	RF	1	0	0	0	0	0	0	0	0	0	0	0	.---	.---	.---	.000
700	 Holder, J	NYY	P	4	0	0	0	0	0	0	0	0	0	0	0	.---	.---	.---	.000
700	 Holland, G	COL	P	20	0	0	0	0	0	0	0	0	0	0	0	.---	.---	.---	.000
700	 Holmberg, D	CWS	P	3	0	0	0	0	0	0	0	0	0	0	0	.---	.---	.---	.000
700	 Hoover, J	ARI	P	24	0	0	0	0	0	0	0	0	0	0	0	.---	.---	.---	.000
700	 Howell, J	TOR	P	2	0	0	0	0	0	0	0	0	0	0	0	.---	.---	.---	.000
700	 Hoyt, J	HOU	P	1	0	0	0	0	0	0	0	0	0	0	0	.---	.---	.---	.000
700	 Hudson, D	PIT	P	23	0	0	0	0	0	0	0	0	0	0	0	.---	.---	.---	.000
700	 Hughes, J	MIL	P	23	0	0	0	0	0	0	0	0	0	0	0	.---	.---	.---	.000
700	 Hunter, T	TB	P	1	0	0	0	0	0	0	0	0	0	0	0	.---	.---	.---	.000
700	 Infante, G	CWS	P	1	0	0	0	0	0	0	0	0	0	0	0	.---	.---	.---	.000
700	 Jackson, L	ATL	P	9	0	0	0	0	0	0	0	0	0	0	0	.---	.---	.---	.000
700	 Jennings, D	CWS	P	1	0	0	0	0	0	0	0	0	0	0	0	.---	.---	.---	.000
700	 Johnson, J	ATL	P	22	0	0	0	0	0	0	0	0	0	0	0	.---	.---	.---	.000
700	 Johnson, P	CHC	P	1	0	0	0	0	0	0	0	0	0	0	0	.---	.---	.---	.000
700	 Jungmann, T	MIL	P	1	0	0	0	0	0	0	0	0	0	0	0	.---	.---	.---	.000
700	 Kahnle, T	CWS	P	2	0	0	0	0	0	0	0	0	0	0	0	.---	.---	.---	.000
700	 Kela, K	TEX	P	1	0	0	0	0	0	0	0	0	0	0	0	.---	.---	.---	.000
700	 Kelley, S	WSH	P	17	0	0	0	0	0	0	0	0	0	0	0	.---	.---	.---	.000
700	 Kelly, J	BOS	P	3	0	0	0	0	0	0	0	0	0	0	0	.---	.---	.---	.000
700	 Kimbrel, C	BOS	P	3	0	0	0	0	0	0	0	0	0	0	0	.---	.---	.---	.000
700	 Kintzler, B	MIN	P	3	0	0	0	0	0	0	0	0	0	0	0	.---	.---	.---	.000
700	 Knebel, C	MIL	P	27	0	0	0	0	0	0	0	0	0	0	0	.---	.---	.---	.000
700	 Krol, I	ATL	P	20	0	0	0	0	0	0	0	0	0	0	0	.---	.---	.---	.000
700	 Law, D	SF	P	25	0	0	0	0	0	0	0	0	0	0	0	.---	.---	.---	.000
700	 Layne, T	NYY	P	3	0	0	0	0	0	0	0	0	0	0	0	.---	.---	.---	.000
700	 Leone, D	TOR	P	3	0	0	0	0	0	0	0	0	0	0	0	.---	.---	.---	.000
700	 Liberatore, A	LAD	P	4	0	0	0	0	0	0	0	0	0	0	0	.---	.---	.---	.000
700	 Logan, B	CLE	P	3	0	0	0	0	0	0	0	0	0	0	0	.---	.---	.---	.000
700	 Loup, A	TOR	P	3	0	0	0	0	0	0	0	0	0	0	0	.---	.---	.---	.000
700	 Lyons, T	STL	P	7	0	0	0	0	0	0	0	1	0	0	0	.---	1.000	.---	1.000
700	 Maurer, B	SD	P	22	0	0	0	0	0	0	0	0	0	0	0	.---	.---	.---	.000
700	 McAllister, Z	CLE	P	1	0	0	0	0	0	0	0	0	0	0	0	.---	.---	.---	.000
700	 McCarthy, K	KC	P	1	0	0	0	0	0	0	0	0	0	0	0	.---	.---	.---	.000
700	 McGee, J	COL	P	21	0	0	0	0	0	0	0	0	0	0	0	.---	.---	.---	.000
700	 Melancon, M	SF	P	16	0	0	0	0	0	0	0	0	0	0	0	.---	.---	.---	.000
700	 Middleton, K	LAA	P	3	0	0	0	0	0	0	0	0	0	0	0	.---	.---	.---	.000
700	 Mitchell, B	NYY	P	3	0	0	0	0	0	0	0	0	0	0	0	.---	.---	.---	.000
700	 Morin, M	LAA	P	1	0	0	0	0	0	0	0	0	0	0	0	.---	.---	.---	.000
700	 Morris, B	SF	P	13	0	0	0	0	0	0	0	0	0	0	0	.---	.---	.---	.000
700	 Morrow, B	LAD	P	4	0	0	0	0	0	0	0	0	0	0	0	.---	.---	.---	.000
700	 Motte, J	ATL	P	13	0	0	0	0	0	0	0	0	0	0	0	.---	.---	.---	.000
700	 Neris, H	PHI	P	25	0	0	0	0	0	0	0	0	0	0	0	.---	.---	.---	.000
700	 Neshek, P	PHI	P	22	0	0	0	0	0	0	0	0	0	0	0	.---	.---	.---	.000
700	 Neverauskas, D	PIT	P	1	0	0	0	0	0	0	0	0	0	0	0	.---	.---	.---	.000
700	 Nicasio, J	PIT	P	23	0	0	0	0	0	0	0	0	0	0	0	.---	.---	.---	.000
700	 Norris, B	LAA	P	3	0	0	0	0	0	0	0	0	0	0	0	.---	.---	.---	.000
700	 ODay, D	BAL	P	1	0	0	0	0	0	0	0	0	0	0	0	.---	.---	.---	.000
700	 OFlaherty, E	ATL	P	20	0	0	0	0	0	0	0	0	0	0	0	.---	.---	.---	.000
700	 Oberg, S	COL	P	25	0	0	0	0	0	0	0	0	0	0	0	.---	.---	.---	.000
700	 Oh, S	STL	P	23	0	0	0	0	0	0	0	0	0	0	0	.---	.---	.---	.000
700	 Osich, J	SF	P	14	0	0	0	0	0	0	0	0	0	0	0	.---	.---	.---	.000
700	 Osuna, R	TOR	P	3	0	0	0	0	0	0	0	0	0	0	0	.---	.---	.---	.000
700	 Otero, D	CLE	P	2	0	0	0	0	0	0	0	0	0	0	0	.---	.---	.---	.000
700	 Ottavino, A	COL	P	21	0	0	0	0	0	0	0	0	0	0	0	.---	.---	.---	.000
700	 Overton, D	SEA	P	1	0	0	0	0	0	0	0	0	0	0	0	.---	.---	.---	.000
700	 Parker, B	LAA	P	3	0	0	0	0	0	0	0	0	0	0	0	.---	.---	.---	.000
700	 Pazos, J	SEA	P	3	0	0	0	0	0	0	0	0	0	0	0	.---	.---	.---	.000
700	 Peacock, B	HOU	P	1	0	0	0	0	0	0	0	0	0	0	0	.---	.---	.---	.000
700	 Pena, F	CHC	P	4	0	0	0	0	0	0	0	1	0	0	0	.---	1.000	.---	1.000
700	 Peralta, W	CIN	P	24	0	0	0	0	0	0	0	0	0	0	0	.---	.---	.---	.000
700	 Perez, O	WSH	P	14	0	0	0	0	0	0	0	0	0	0	0	.---	.---	.---	.000
700	 Petit, Y	LAA	P	2	0	0	0	0	0	0	0	0	0	0	0	.---	.---	.---	.000
700	 Quackenbush, K	SD	P	11	0	0	0	0	0	0	0	0	0	0	0	.---	.---	.---	.000
700	 Qualls, C	COL	P	12	0	0	0	0	0	0	0	0	0	0	0	.---	.---	.---	.000
700	 Ramirez, E	TB	P	1	0	0	0	0	0	0	0	0	0	0	0	.---	.---	.---	.000
700	 Ramirez, J	ATL	P	23	0	0	0	0	0	0	0	0	0	0	0	.---	.---	.---	.000
700	 Ramirez, N	NYM	P	17	0	0	0	0	0	0	0	0	0	0	0	.---	.---	.---	.000
700	 Ramos, A	MIA	P	19	0	0	0	0	0	0	0	0	0	0	0	.---	.---	.---	.000
700	 Ramos, E	PHI	P	25	0	0	0	0	0	0	0	0	0	0	0	.---	.---	.---	.000
700	 Reed, A	NYM	P	29	0	0	0	0	0	0	0	0	0	0	0	.---	.---	.---	.000
700	 Rivero, F	PIT	P	26	0	0	0	0	0	0	0	0	0	0	0	.---	.---	.---	.000
700	 Robertson, D	CWS	P	1	0	0	0	0	0	0	0	0	0	0	0	.---	.---	.---	.000
700	 Robles, H	NYM	P	21	0	0	0	0	0	0	0	0	0	0	0	.---	.---	.---	.000
700	 Rodney, F	ARI	P	22	0	0	0	0	0	0	0	0	0	0	0	.---	.---	.---	.000
700	 Rodriguez, J	PHI	P	25	0	0	0	0	0	0	0	0	0	0	0	.---	.---	.---	.000
700	 Roe, C	ATL	P	3	0	0	0	0	0	0	0	0	0	0	0	.---	.---	.---	.000
700	 Romano, S	CIN	P	1	0	0	0	0	0	0	0	0	0	0	0	.---	.---	.---	.000
700	 Romo, S	LAD	P	24	0	0	0	0	0	0	0	0	0	0	0	.---	.---	.---	.000
700	 Rondon, H	CHC	P	22	0	0	0	0	0	0	0	0	0	0	0	.---	.---	.---	.000
700	 Rosenthal, T	STL	P	22	0	0	0	0	0	0	0	0	0	0	0	.---	.---	.---	.000
700	 RossJr, R	BOS	P	1	0	0	0	0	0	0	0	0	0	0	0	.---	.---	.---	.000
700	 Rosscup, Z	CHC	P	1	0	0	0	0	0	0	0	0	0	0	0	.---	.---	.---	.000
700	 Rzepczynski, M	SEA	P	4	0	0	0	0	0	0	0	0	0	0	0	.---	.---	.---	.000
700	 Sanchez, A	DET	P	1	0	0	0	0	0	0	0	0	0	0	0	.---	.---	.---	.000
700	 Scott, R	BOS	P	4	0	0	0	0	0	0	0	0	0	0	0	.---	.---	.---	.000
700	 Shaw, B	CLE	P	2	0	0	0	0	0	0	0	0	0	0	0	.---	.---	.---	.000
700	 Siegrist, K	STL	P	22	0	0	0	0	0	0	0	0	0	0	0	.---	.---	.---	.000
700	 Smith, J	TOR	P	4	0	0	0	0	0	0	0	0	0	0	0	.---	.---	.---	.000
700	 Solis, S	WSH	P	6	0	0	0	0	0	0	0	0	0	0	0	.---	.---	.---	.000
700	 Stratton, C	SF	P	2	0	0	0	0	0	0	0	0	0	0	0	.---	.---	.---	.000
700	 Strickland, H	SF	P	24	0	0	0	0	0	0	0	0	0	0	0	.---	.---	.---	.000
700	 Strop, P	CHC	P	22	0	0	0	0	0	0	0	0	0	0	0	.---	.---	.---	.000
700	 Suter, B	MIL	P	5	0	0	0	0	0	0	0	0	0	0	0	.---	.---	.---	.000
700	 Swarzak, A	CWS	P	1	0	0	0	0	0	0	0	0	0	0	0	.---	.---	.---	.000
700	 Taylor, B	BOS	P	2	0	0	0	0	0	0	0	0	0	0	0	.---	.---	.---	.000
700	 Tazawa, J	MIA	P	14	0	0	0	0	0	0	0	0	0	0	0	.---	.---	.---	.000
700	 Thompson, J	PHI	P	3	0	0	0	0	0	0	0	0	0	0	0	.---	.---	.---	.000
700	 Torres, C	MIL	P	29	0	0	0	0	0	0	0	0	0	0	0	.---	.---	.---	.000
700	 Treinen, B	WSH	P	22	0	0	0	0	0	0	0	0	0	0	0	.---	.---	.---	.000
700	 Tuivailala, S	STL	P	10	0	0	0	0	0	0	0	0	0	0	0	.---	.---	.---	.000
700	 Uehara, K	CHC	P	20	0	0	0	0	0	0	0	0	0	0	0	.---	.---	.---	.000
700	 Valdez, J	SD	P	1	0	0	0	0	0	0	0	0	0	0	0	.---	.---	.---	.000
700	 Vincent, N	SEA	P	4	0	0	0	0	0	0	0	0	0	0	0	.---	.---	.---	.000
700	 Vizcaino, A	ATL	P	22	0	0	0	0	0	0	0	0	0	0	0	.---	.---	.---	.000
700	 Warren, A	NYY	P	3	0	0	0	0	0	0	0	0	0	0	0	.---	.---	.---	.000
700	 Whitley, C	TB	P	2	0	0	0	0	0	0	0	0	0	0	0	.---	.---	.---	.000
700	 Wilhelmsen, T	ARI	P	25	0	0	0	0	0	0	0	0	0	0	0	.---	.---	.---	.000
700	 Wilson, A	DET	P	1	0	0	0	0	0	0	0	0	0	0	0	.---	.---	.---	.000
700	 Wilson, J	DET	P	1	0	0	0	0	0	0	0	0	0	0	0	.---	.---	.---	.000
700	 Wilson, T	BAL	P	1	0	0	0	0	0	0	0	0	0	0	0	.---	.---	.---	.000
700	 Wood, B	CIN	P	24	0	0	0	0	0	0	0	0	0	0	0	.---	.---	.---	.000
700	 Yates, K	SD	P	12	0	0	0	0	0	0	0	0	0	0	0	.---	.---	.---	.000
700	 Ynoa, M	CWS	P	1	0	0	0	0	0	0	0	0	0	0	0	.---	.---	.---	.000
700	 Young, C	KC	P	1	0	0	0	0	0	0	0	0	0	0	0	.---	.---	.---	.000
700	 Ziegler, B	MIA	P	25	0	0	0	0	0	0	0	0	0	0	0	.---	.---	.---	.000
700	 Zych, T	SEA	P	4	0	0	0	0	0	0	0	0	0	0	0	.---	.---	.---	.000